 Longitude Latitude  Profun. Temp.
 -44.7364  -24.1318    0.00  24.97
 -44.7427  -24.1311    0.00  24.97
 -44.7449  -24.1313    0.00  24.97
 -44.7473  -24.1311    0.00  24.94
 -44.7508  -24.1313    0.00  24.94
 -44.7542  -24.1313    0.00  -99.00
 -44.7577  -24.1308    0.00  24.98
 -44.7611  -24.1300    0.00  24.97
 -44.7637  -24.1284    0.00  24.97
 -44.7649  -24.1266    0.00  24.98
 -44.7658  -24.1250    0.00  24.97
 -44.7668  -24.1231    0.00  24.97
 -44.7677  -24.1207    0.00  24.95
 -44.7686  -24.1186    0.00  24.96
 -44.7704  -24.1171    0.00  24.96
 -44.7707  -24.1154    0.00  24.96
 -44.7713  -24.1140    0.00  24.97
 -44.7728  -24.1133    0.00  24.96
 -44.7740  -24.1126    0.00  24.97
 -44.7750  -24.1125    0.00  24.97
 -44.7769  -24.1122    0.00  24.97
 -44.7788  -24.1110    0.00  24.97
 -44.7804  -24.1104    0.00  24.96
 -44.7819  -24.1095    0.00  24.97
 -44.7835  -24.1083    0.00  24.96
 -44.7843  -24.1069    0.00  24.97
 -44.7859  -24.1055    0.00  24.97
 -44.7869  -24.1034    0.00  24.96
 -44.7862  -24.1013    0.00  24.97
 -44.7853  -24.0999    0.00  24.97
 -44.7851  -24.0984    0.00  24.97
 -44.7846  -24.0975    0.00  24.96
 -44.7846  -24.0967    0.00  -99.00
 -44.7845  -24.0965    0.00  24.97
 -44.7835  -24.0975    0.00  24.96
 -44.7815  -24.0986    0.00  24.98
 -44.7794  -24.0991    0.00  24.98
 -44.7760  -24.0999   99.00  24.97
 -44.7719  -24.1015   99.00  24.97
 -44.7679  -24.1030    0.00  24.97
 -44.7642  -24.1040    0.00  24.95
 -44.7601  -24.1057    0.00  24.98
 -44.7566  -24.1081    0.00  24.96
 -44.7534  -24.1109    0.00  -99.00
 -44.7504  -24.1127    0.00  24.98
 -44.7480  -24.1140    0.00  24.98
 -44.7461  -24.1159    0.00  24.97
 -44.7439  -24.1176    0.00  24.99
 -44.7425  -24.1187    0.00  24.97
 -44.7420  -24.1188   99.00  24.97
 -44.7424  -24.1186    0.00  24.97
 -44.7430  -24.1180    0.00  24.97
 -44.7439  -24.1165    0.00  24.96
 -44.7441  -24.1138    0.00  24.99
 -44.7440  -24.1104    0.00  24.97
 -44.7427  -24.1075    0.00  24.97
 -44.7410  -24.1040    0.00  24.95
 -44.7392  -24.0998    0.00  24.96
 -44.7378  -24.0959    0.00  24.98
 -44.7370  -24.0926    0.00  24.97
 -44.7372  -24.0901    0.00  24.98
 -44.7369  -24.0875    0.00  24.97
 -44.7366  -24.0864    0.00  24.98
 -44.7358  -24.0862    0.00  24.97
 -44.7352  -24.0870    0.00  24.97
 -44.7337  -24.0888    0.00  24.95
 -44.7330  -24.0900   99.00  24.98
 -44.7328  -24.0918    0.00  24.97
 -44.7329  -24.0935    0.00  24.98
 -44.7327  -24.0955    0.00  -99.00
 -44.7324  -24.0969    0.00  24.97
 -44.7318  -24.0986   99.00  24.98
 -44.7312  -24.1006    0.00  24.97
 -44.7296  -24.1022    0.00  24.97
 -44.7279  -24.1029    0.00  24.96
 -44.7260  -24.1036    0.00  24.98
 -44.7249  -24.1044    0.00  -99.00
 -44.7229  -24.1050    0.00  24.95
 -44.7206  -24.1057    0.00  24.97
 -44.7183  -24.1067    0.00  24.98
 -44.7152  -24.1074    0.00  -99.00
 -44.7119  -24.1082    0.00  24.96
 -44.7090  -24.1078    0.00  24.96
 -44.7066  -24.1075    0.00  24.97
 -44.7055  -24.1061    0.00  -99.00
 -44.7043  -24.1051    0.00  24.97
 -44.7023  -24.1041    0.00  24.97
 -44.7001  -24.1027    0.00  24.97
 -44.6977  -24.1020   99.00  24.97
 -44.6956  -24.1009    0.00  24.97
 -44.6931  -24.1012    0.00  24.97
 -44.6916  -24.1016    0.00  24.96
 -44.6895  -24.1020    0.00  24.95
 -44.6867  -24.1036    0.00  24.97
 -44.6835  -24.1051    0.00  24.98
 -44.6792  -24.1076    0.00  24.96
 -44.6753  -24.1099    0.00  24.97
 -44.6711  -24.1109    0.00  24.96
 -44.6671  -24.1119    0.00  24.96
 -44.6631  -24.1127    0.00  -99.00
 -44.6586  -24.1136    0.00  24.95
 -44.6547  -24.1134    0.00  24.96
 -44.6511  -24.1134    0.00  25.00
 -44.6477  -24.1138    0.00  24.96
 -44.6446  -24.1144    0.00  24.96
 -44.6421  -24.1151    0.00  24.96
 -44.6405  -24.1144    0.00  -99.00
 -44.6386  -24.1136    0.00  24.97
 -44.6376  -24.1138    0.00  24.95
 -44.6369  -24.1131    0.00  24.95
 -44.6371  -24.1121    0.00  24.97
 -44.6386  -24.1112    0.00  24.95
 -44.6391  -24.1106    0.00  24.97
 -44.6397  -24.1097    0.00  -99.00
 -44.6414  -24.1091   99.00  24.96
 -44.6436  -24.1077    0.00  24.97
 -44.6458  -24.1073    0.00  24.98
 -44.6479  -24.1081    0.00  24.98
 -44.6513  -24.1082    0.00  24.98
 -44.6548  -24.1085    0.00  24.96
 -44.6576  -24.1088    0.00  24.97
 -44.6603  -24.1089    0.00  24.97
 -44.6626  -24.1098    0.00  24.98
 -44.6653  -24.1103    0.00  24.98
 -44.6683  -24.1110    0.00  24.97
 -44.6708  -24.1117    0.00  24.97
 -44.6726  -24.1135    0.00  24.98
 -44.6739  -24.1141    0.00  24.96
 -44.6753  -24.1145    0.00  24.96
 -44.6762  -24.1158    0.00  24.96
 -44.6770  -24.1164    0.00  24.98
 -44.6781  -24.1172    0.00  24.97
 -44.6799  -24.1177    0.00  24.96
 -44.6822  -24.1177    0.00  24.96
 -44.6845  -24.1171    0.00  24.96
 -44.6862  -24.1161    0.00  24.99
 -44.6878  -24.1146    0.00  24.96
 -44.6888  -24.1116    0.00  24.98
 -44.6900  -24.1086   99.00  24.95
 -44.6905  -24.1056    0.00  24.97
 -44.6906  -24.1033    0.00  -99.00
 -44.6910  -24.1020   99.00  24.97
 -44.6922  -24.1009    0.00  24.96
 -44.6924  -24.0993    0.00  24.96
 -44.6923  -24.0974    0.00  24.97
 -44.6919  -24.0959    0.00  24.97
 -44.6906  -24.0942    0.00  24.97
 -44.6891  -24.0922   99.00  24.95
 -44.6881  -24.0902    0.00  24.97
 -44.6873  -24.0880    0.00  24.97
 -44.6864  -24.0859    0.00  24.97
 -44.6857  -24.0834    0.00  -99.00
 -44.6845  -24.0808    0.00  24.96
 -44.6825  -24.0780    0.00  24.95
 -44.6803  -24.0755    0.00  24.96
 -44.6783  -24.0739    0.00  24.96
 -44.6757  -24.0717    0.00  24.97
 -44.6737  -24.0700    0.00  24.96
 -44.6725  -24.0685    0.00  24.98
 -44.6706  -24.0681    0.00  24.96
 -44.6685  -24.0674    0.00  24.96
 -44.6677  -24.0661    0.00  24.98
 -44.6672  -24.0655    0.00  24.98
 -44.6663  -24.0642   -0.13  24.95
 -44.6657  -24.0639   -0.72  24.94
 -44.6652  -24.0650   -1.26  24.93
 -44.6640  -24.0651    0.00  24.96
 -44.6646  -24.0652    0.00  -99.00
 -44.6649  -24.0658    0.00  -99.00
 -44.6642  -24.0668    0.00  24.96
 -44.6639  -24.0669   99.00  24.96
 -44.6636  -24.0666    0.00  24.97
 -44.6638  -24.0679    0.00  24.97
 -44.6636  -24.0676   99.00  -99.00
 -44.6647  -24.0668    0.00  24.96
 -44.6667  -24.0652    0.00  24.97
 -44.6693  -24.0619    0.00  24.96
 -44.6727  -24.0587    0.00  24.96
 -44.6757  -24.0556    0.00  24.98
 -44.6780  -24.0517    0.00  24.98
 -44.6799  -24.0475   99.00  24.95
 -44.6818  -24.0442    0.00  24.98
 -44.6837  -24.0414    0.00  -99.00
 -44.6841  -24.0381    0.00  24.97
 -44.6848  -24.0350    0.00  24.96
 -44.6846  -24.0325    0.00  24.95
 -44.6836  -24.0300    0.00  24.95
 -44.6820  -24.0273    0.00  24.96
 -44.6808  -24.0244    0.00  24.96
 -44.6795  -24.0219    0.00  24.96
 -44.6789  -24.0203    0.00  24.96
 -44.6803  -24.0181    0.00  24.95
 -44.6803  -24.0154    0.00  24.97
 -44.6800  -24.0125    0.00  24.96
 -44.6795  -24.0095    0.00  24.94
 -44.6793  -24.0071    0.00  24.98
 -44.6804  -24.0047   99.00  24.97
 -44.6809  -24.0023    0.00  24.96
 -44.6820  -24.0008    0.00  -99.00
 -44.6823  -23.9994    0.00  24.97
 -44.6818  -23.9972    0.00  24.96
 -44.6817  -23.9939    0.00  24.96
 -44.6802  -23.9904    0.00  24.96
 -44.6794  -23.9883    0.00  24.97
 -44.6789  -23.9859    0.00  24.96
 -44.6791  -23.9830    0.00  24.99
 -44.6786  -23.9802    0.00  24.96
 -44.6766  -23.9772    0.00  24.97
 -44.6750  -23.9741    0.00  24.97
 -44.6727  -23.9709    0.00  24.97
 -44.6702  -23.9678    0.00  24.96
 -44.6676  -23.9651    0.00  24.96
 -44.6650  -23.9629    0.00  24.94
 -44.6632  -23.9612    0.00  24.98
 -44.6618  -23.9591    0.00  -99.00
 -44.6614  -23.9574    0.00  24.95
 -44.6604  -23.9561    0.00  24.96
 -44.6596  -23.9547    0.00  24.95
 -44.6589  -23.9537    0.00  24.97
 -44.6580  -23.9532    0.00  24.96
 -44.6579  -23.9529    0.00  24.97
 -44.6582  -23.9526    0.00  24.99
 -44.6587  -23.9527    0.00  24.97
 -44.6585  -23.9526    0.00  24.97
 -44.6581  -23.9523    0.00  24.95
 -44.6569  -23.9527    0.00  24.98
 -44.6553  -23.9529    0.00  24.97
 -44.6547  -23.9534    0.00  24.95
 -44.6534  -23.9538    0.00  24.98
 -44.6522  -23.9533    0.00  24.98
 -44.6528  -23.9528    0.00  24.96
 -44.6530  -23.9522    0.00  24.96
 -44.6539  -23.9514    0.00  24.97
 -44.6554  -23.9508    0.00  24.97
 -44.6569  -23.9503    0.00  24.96
 -44.6581  -23.9503    0.00  24.96
 -44.6594  -23.9491    0.00  24.97
 -44.6610  -23.9488    0.00  24.95
 -44.6609  -23.9481    0.00  24.96
 -44.6612  -23.9476    0.00  24.96
 -44.6627  -23.9473   -0.15  24.98
 -44.6625  -23.9475   -1.08  24.96
 -44.6622  -23.9484   -0.56  24.95
 -44.6606  -23.9496   -0.42  24.95
 -44.6589  -23.9501   -0.51  24.97
 -44.6584  -23.9519   -0.64  24.97
 -44.6579  -23.9537   -0.91  24.96
 -44.6587  -23.9554   -2.64  24.94
 -44.6591  -23.9564   -1.16  24.97
 -44.6601  -23.9584   -1.44  24.95
 -44.6610  -23.9601   -1.58  24.97
 -44.6616  -23.9622   -0.42  24.96
 -44.6629  -23.9634   -0.83  24.97
 -44.6646  -23.9648   -0.52  24.97
 -44.6663  -23.9656   -1.25  24.96
 -44.6682  -23.9670   -1.48  24.96
 -44.6687  -23.9676   -0.23  24.96
 -44.6694  -23.9673   -0.35  24.98
 -44.6696  -23.9673   -1.14  24.98
 -44.6701  -23.9676   -0.78  24.96
 -44.6709  -23.9670   -1.69  24.96
 -44.6715  -23.9674   -1.88  24.94
 -44.6724  -23.9677   -1.99  24.94
 -44.6732  -23.9687   -3.15  24.94
 -44.6738  -23.9697   -4.60  24.90
 -44.6741  -23.9706   -5.11  24.88
 -44.6745  -23.9719   -5.58  24.88
 -44.6754  -23.9725   -5.65  24.87
 -44.6752  -23.9741   -6.32  24.85
 -44.6745  -23.9752   -3.73  24.93
 -44.6730  -23.9761   -2.75  24.93
 -44.6714  -23.9762   -3.92  24.94
 -44.6702  -23.9760   -3.88  24.93
 -44.6686  -23.9758   -4.41  24.90
 -44.6664  -23.9753   -5.99  24.87
 -44.6638  -23.9753   -5.15  24.87
 -44.6622  -23.9760   -6.08  24.86
 -44.6598  -23.9765   -6.56  24.86
 -44.6570  -23.9776   -5.48  24.90
 -44.6552  -23.9783   -8.87  24.75
 -44.6530  -23.9800   -9.37  24.71
 -44.6508  -23.9820   -8.85  24.76
 -44.6488  -23.9845   -9.31  24.75
 -44.6467  -23.9864   -9.68  24.69
 -44.6452  -23.9893   -8.80  24.75
 -44.6439  -23.9914   -9.79  24.69
 -44.6444  -23.9931   -9.24  24.73
 -44.6448  -23.9941  -11.63  24.53
 -44.6456  -23.9954  -12.04  24.46
 -44.6470  -23.9960  -11.31  24.58
 -44.6478  -23.9970  -13.37  24.32
 -44.6492  -23.9973  -13.58  24.27
 -44.6508  -23.9969  -12.93  24.39
 -44.6519  -23.9957  -12.76  24.39
 -44.6533  -23.9945  -13.00  24.36
 -44.6539  -23.9928  -12.47  24.44
 -44.6625  -24.0053  -12.85  24.40
 -44.6696  -24.0173  -12.55  24.42
 -44.6764  -24.0297  -12.04  24.49
 -44.6833  -24.0415  -12.11  24.49
 -44.6900  -24.0539  -14.60  24.10
