 Longitude Latitude  Profun. Temp.
 -44.7144  -23.9812  -34.43  10.06
 -44.7133  -23.9855  -38.54   8.33
 -44.7130  -23.9864  -39.78   8.03
 -44.7134  -23.9871  -38.10   8.48
 -44.7142  -23.9884  -37.33   8.71
 -44.7146  -23.9889  -37.45   8.67
 -44.7152  -23.9903  -35.74   9.39
 -44.7157  -23.9903  -34.13  10.25
 -44.7164  -23.9893  -35.57   9.45
 -44.7156  -23.9893  -34.49  10.05
 -44.7158  -23.9887  -34.56   9.98
 -44.7157  -23.9887  -33.65  10.54
 -44.7155  -23.9888  -33.88  10.41
 -44.7155  -23.9885  -33.60  10.57
 -44.7156  -23.9887  -31.82  11.88
 -44.7155  -23.9877  -32.39  11.45
 -44.7148  -23.9874  -30.36  13.17
 -44.7140  -23.9873  -30.85  12.70
 -44.7139  -23.9887  -30.73  12.82
 -44.7146  -23.9900  -28.68  14.78
 -44.7160  -23.9906  -25.87  17.65
 -44.7167  -23.9918  -26.74  16.77
 -44.7172  -23.9923  -25.17  18.35
 -44.7172  -23.9927  -24.60  18.87
 -44.7184  -23.9928  -25.51  18.01
 -44.7182  -23.9930  -25.88  17.66
 -44.7175  -23.9941  -27.69  15.79
 -44.7173  -23.9958  -25.79  17.74
 -44.7167  -23.9968  -26.06  17.47
 -44.7152  -23.9972  -26.70  16.82
 -44.7126  -23.9980  -26.31  17.22
 -44.7104  -23.9988  -26.72  16.81
 -44.7087  -23.9993  -26.68  16.83
 -44.7077  -24.0000  -25.96  17.57
 -44.7076  -24.0016  -29.03  14.43
 -44.7059  -24.0035  -30.62  12.92
 -44.7041  -24.0052  -29.51  13.97
 -44.7031  -24.0071  -30.58  12.97
 -44.7028  -24.0088  -32.02  11.71
 -44.7033  -24.0097  -30.78  12.77
 -44.7039  -24.0112  -31.58  12.08
 -44.7044  -24.0120  -32.05  11.70
 -44.7045  -24.0124  -31.80  11.90
 -44.7044  -24.0127  -32.05  11.71
 -44.7027  -24.0139  -31.05  12.53
 -44.7004  -24.0146  -33.12  10.91
 -44.6980  -24.0150  -31.44  12.20
 -44.6962  -24.0147  -31.95  11.78
 -44.6939  -24.0147  -31.55  12.10
 -44.6920  -24.0141  -31.53  12.11
 -44.6896  -24.0137  -33.88  10.40
 -44.6874  -24.0125  -35.83   9.33
 -44.6856  -24.0117  -35.28   9.61
 -44.6842  -24.0113  -35.17   9.66
 -44.6828  -24.0105  -34.06  10.30
 -44.6832  -24.0083  -34.40  10.06
 -44.6840  -24.0061  -32.96  11.01
 -44.6856  -24.0038  -31.78  11.91
 -44.6870  -24.0020  -30.87  12.69
 -44.6886  -23.9995  -29.62  13.86
 -44.6905  -23.9972  -29.94  13.55
 -44.6934  -23.9954  -29.75  13.74
 -44.6968  -23.9942  -30.33  13.18
 -44.6997  -23.9940  -29.21  14.26
 -44.7029  -23.9934  -29.07  14.40
 -44.7054  -23.9941  -26.96  16.55
 -44.7067  -23.9952  -25.93  17.61
 -44.7075  -23.9955  -26.04  17.47
 -44.7080  -23.9967  -25.42  18.09
 -44.7087  -23.9980  -25.56  17.94
 -44.7099  -23.9996  -24.65  18.84
 -44.7099  -24.0007  -23.41  19.92
 -44.7093  -24.0009  -21.43  21.40
 -44.7096  -24.0014  -19.97  22.26
 -44.7105  -24.0018  -20.08  22.21
 -44.7115  -24.0016  -21.10  21.60
 -44.7130  -24.0008  -20.03  22.25
 -44.7153  -24.0001  -20.40  22.03
 -44.7174  -24.0003  -22.00  20.99
 -44.7192  -23.9994  -22.89  20.36
 -44.7215  -23.9985  -23.31  20.00
 -44.7239  -23.9970  -21.76  21.19
 -44.7262  -23.9955  -19.94  22.29
 -44.7287  -23.9936  -20.52  21.97
 -44.7296  -23.9919  -22.45  20.68
 -44.7308  -23.9900  -24.16  19.29
 -44.7321  -23.9896  -23.22  20.07
 -44.7331  -23.9885  -24.26  19.17
 -44.7335  -23.9879  -23.51  19.85
 -44.7338  -23.9873  -23.57  19.80
 -44.7350  -23.9865  -25.27  18.25
 -44.7354  -23.9853  -24.88  18.60
 -44.7349  -23.9848  -23.04  20.23
 -44.7348  -23.9844  -24.15  19.29
 -44.7335  -23.9854  -24.88  18.63
 -44.7330  -23.9859  -23.97  19.45
 -44.7316  -23.9863  -24.35  19.10
 -44.7295  -23.9861  -24.15  19.31
 -44.7280  -23.9868  -25.22  18.30
 -44.7272  -23.9872  -24.61  18.89
 -44.7266  -23.9871  -25.49  18.03
 -44.7251  -23.9871  -25.37  18.14
 -44.7241  -23.9867  -25.42  18.10
 -44.7238  -23.9857  -26.52  17.00
 -44.7229  -23.9845  -28.51  14.96
 -44.7224  -23.9834  -26.92  16.61
 -44.7210  -23.9813  -26.39  17.13
 -44.7196  -23.9792  -25.91  17.63
 -44.7185  -23.9773  -27.02  16.49
 -44.7170  -23.9753  -24.67  18.84
 -44.7151  -23.9730  -25.49  18.02
 -44.7125  -23.9708  -24.63  18.86
 -44.7109  -23.9687  -25.25  18.26
 -44.7095  -23.9683  -25.01  18.49
 -44.7084  -23.9681  -24.43  19.04
 -44.7075  -23.9690  -22.28  20.79
 -44.7066  -23.9688  -20.87  21.75
 -44.7055  -23.9694  -20.50  21.97
 -44.7051  -23.9695  -20.37  22.04
 -44.7042  -23.9698  -17.91  23.19
 -44.7037  -23.9688  -18.02  23.14
 -44.7037  -23.9684  -16.55  23.65
 -44.7039  -23.9683  -13.91  24.24
 -44.7032  -23.9683  -14.31  24.14
 -44.7026  -23.9671  -11.58  24.54
 -44.7003  -23.9653  -10.39  24.64
 -44.6982  -23.9629  -10.40  24.64
 -44.6961  -23.9608   -9.65  24.71
 -44.6940  -23.9589   -9.21  24.73
 -44.6924  -23.9574   -7.48  24.83
 -44.6913  -23.9564   -8.18  24.78
 -44.6899  -23.9551   -5.14  24.90
 -44.6884  -23.9531   -5.66  24.85
 -44.6884  -23.9513   -5.81  24.86
 -44.6878  -23.9492   -6.15  24.86
 -44.6875  -23.9471   -6.61  24.82
 -44.6880  -23.9458   -6.12  24.86
 -44.6886  -23.9448   -7.02  24.82
 -44.6890  -23.9429   -7.24  24.82
 -44.6905  -23.9409   -5.76  24.88
 -44.6910  -23.9382   -7.36  24.82
 -44.6904  -23.9345   -5.67  24.87
 -44.6904  -23.9321   -6.33  24.85
 -44.6900  -23.9305   -6.49  24.84
 -44.6895  -23.9283   -6.80  24.83
 -44.6899  -23.9263   -7.05  24.82
 -44.6895  -23.9250   -6.75  24.84
 -44.6889  -23.9219   -7.68  24.82
 -44.6885  -23.9188   -5.65  24.89
 -44.6886  -23.9173   -5.19  24.89
 -44.6879  -23.9162   -6.09  24.88
 -44.6868  -23.9153   -6.34  24.86
 -44.6871  -23.9143   -7.11  24.84
 -44.6871  -23.9132  -10.70  24.63
 -44.6867  -23.9126  -12.16  24.48
 -44.6850  -23.9119  -12.87  24.39
 -44.6830  -23.9111  -11.72  24.54
 -44.6806  -23.9105  -12.83  24.37
 -44.6792  -23.9114  -13.15  24.36
 -44.6766  -23.9122  -12.73  24.40
 -44.6742  -23.9124  -14.90  24.04
 -44.6726  -23.9113  -13.65  24.29
 -44.6709  -23.9101  -17.24  23.42
 -44.6694  -23.9099  -15.74  23.86
 -44.6677  -23.9102  -15.24  23.98
 -44.6665  -23.9092  -15.16  23.99
 -44.6662  -23.9086  -13.33  24.33
 -44.6659  -23.9084  -14.97  24.02
 -44.6665  -23.9083  -13.15  24.33
 -44.6669  -23.9085  -13.53  24.31
 -44.6679  -23.9087  -13.75  24.26
 -44.6680  -23.9088  -12.14  24.47
 -44.6679  -23.9090  -11.94  24.50
 -44.6687  -23.9097  -10.95  24.59
 -44.6682  -23.9102   -9.00  24.72
 -44.6683  -23.9098   -9.85  24.68
 -44.6688  -23.9100   -9.26  24.71
 -44.6678  -23.9102   -9.32  24.74
 -44.6680  -23.9110   -8.34  24.79
 -44.6673  -23.9107   -9.69  24.69
 -44.6664  -23.9099   -8.60  24.76
 -44.6652  -23.9094   -8.82  24.76
 -44.6640  -23.9095   -9.32  24.73
 -44.6626  -23.9097  -10.17  24.65
 -44.6609  -23.9102   -8.86  24.75
 -44.6591  -23.9111   -8.30  24.78
 -44.6572  -23.9121   -8.93  24.75
 -44.6552  -23.9134  -10.54  24.63
 -44.6537  -23.9146   -8.40  24.77
 -44.6510  -23.9154   -7.17  24.84
 -44.6492  -23.9169   -7.37  24.83
 -44.6478  -23.9183   -6.20  24.87
 -44.6470  -23.9195   -7.91  24.80
 -44.6468  -23.9205   -6.70  24.84
 -44.6458  -23.9228   -7.68  24.81
 -44.6456  -23.9247   -9.28  24.74
 -44.6455  -23.9260   -8.22  24.77
 -44.6455  -23.9270   -9.53  24.70
 -44.6459  -23.9277   -8.34  24.78
 -44.6474  -23.9289   -7.91  24.81
 -44.6489  -23.9297   -8.47  24.76
 -44.6492  -23.9306   -8.65  24.76
 -44.6486  -23.9318   -9.77  24.69
 -44.6482  -23.9317   -9.95  24.68
 -44.6477  -23.9319  -10.61  24.63
 -44.6474  -23.9319  -12.33  24.45
 -44.6466  -23.9312  -12.26  24.46
 -44.6466  -23.9316  -10.49  24.64
 -44.6467  -23.9316  -10.38  24.66
 -44.6467  -23.9311  -10.36  24.65
 -44.6465  -23.9301   -9.37  24.71
 -44.6467  -23.9293   -9.46  24.70
 -44.6474  -23.9279   -9.72  24.70
 -44.6480  -23.9267  -10.46  24.65
 -44.6488  -23.9260   -8.05  24.77
 -44.6497  -23.9255   -7.08  24.82
 -44.6515  -23.9242   -5.17  24.90
 -44.6537  -23.9232   -4.35  24.92
 -44.6557  -23.9213   -3.20  24.94
 -44.6568  -23.9200   -4.35  24.91
 -44.6576  -23.9194   -5.30  24.90
 -44.6581  -23.9191   -6.32  24.85
 -44.6577  -23.9192   -5.24  24.88
 -44.6572  -23.9192   -4.85  24.90
 -44.6573  -23.9195   -4.36  24.92
 -44.6572  -23.9208   -4.22  24.90
 -44.6571  -23.9216   -3.89  24.92
 -44.6567  -23.9225   -4.35  24.90
 -44.6557  -23.9235   -4.53  24.90
 -44.6544  -23.9251   -5.66  24.89
 -44.6540  -23.9269   -5.07  24.90
 -44.6532  -23.9286   -3.53  24.92
 -44.6524  -23.9305   -4.15  24.91
 -44.6530  -23.9317   -4.35  24.91
 -44.6533  -23.9333   -4.20  24.90
 -44.6529  -23.9343   -3.99  24.90
 -44.6523  -23.9343   -2.36  24.94
 -44.6524  -23.9344   -1.93  24.95
 -44.6528  -23.9345   -3.79  24.92
 -44.6535  -23.9353   -3.60  24.93
 -44.6548  -23.9356   -3.84  24.92
 -44.6563  -23.9367   -3.61  24.92
 -44.6581  -23.9374   -4.05  24.91
 -44.6588  -23.9376   -4.10  24.93
 -44.6586  -23.9375   -2.63  24.92
 -44.6589  -23.9379   -2.56  24.94
 -44.6597  -23.9388   -3.49  24.89
 -44.6602  -23.9404   -4.69  24.90
 -44.6591  -23.9428   -3.54  24.92
 -44.6568  -23.9453   -4.30  24.93
 -44.6551  -23.9476   -3.08  24.93
 -44.6528  -23.9494   -3.01  24.94
 -44.6500  -23.9493   -1.47  24.95
 -44.6473  -23.9490   -2.12  24.96
 -44.6455  -23.9489   -1.95  24.94
 -44.6446  -23.9495   -2.37  24.95
 -44.6436  -23.9506   -2.00  24.96
 -44.6421  -23.9514   -0.85  24.95
 -44.6425  -23.9522    0.00  24.95
 -44.6440  -23.9531   -0.28  24.95
 -44.6460  -23.9548   99.00  24.96
 -44.6474  -23.9562   -0.43  24.96
 -44.6488  -23.9572   -0.73  24.97
 -44.6498  -23.9593   -0.46  24.95
 -44.6499  -23.9617   -0.61  24.96
 -44.6503  -23.9638    0.00  24.96
 -44.6498  -23.9658    0.00  24.97
 -44.6499  -23.9662   -0.00  24.97
 -44.6507  -23.9661    0.00  24.98
 -44.6502  -23.9657    0.00  24.98
 -44.6492  -23.9645    0.00  24.96
 -44.6493  -23.9629    0.00  24.97
 -44.6496  -23.9612    0.00  24.96
 -44.6498  -23.9607    0.00  24.97
 -44.6517  -23.9605    0.00  24.97
 -44.6538  -23.9604    0.00  24.97
 -44.6558  -23.9608    0.00  24.96
 -44.6579  -23.9603    0.00  24.98
 -44.6606  -23.9603    0.00  24.99
 -44.6634  -23.9603    0.00  24.96
 -44.6663  -23.9609    0.00  24.97
 -44.6689  -23.9618   99.00  24.97
 -44.6710  -23.9617    0.00  24.96
 -44.6734  -23.9609    0.00  24.96
 -44.6766  -23.9592    0.00  24.97
 -44.6781  -23.9564    0.00  -99.00
 -44.6804  -23.9532   99.00  24.97
 -44.6822  -23.9496    0.00  24.95
 -44.6844  -23.9467    0.00  24.96
 -44.6858  -23.9439    0.00  24.95
 -44.6860  -23.9414    0.00  24.98
 -44.6862  -23.9383    0.00  24.97
 -44.6870  -23.9346    0.00  24.97
 -44.6882  -23.9325    0.00  24.95
 -44.6882  -23.9303    0.00  24.96
 -44.6869  -23.9285    0.00  24.97
 -44.6895  -23.9327    0.00  24.98
 -44.6914  -23.9373    0.00  24.97
 -44.6938  -23.9419   99.00  24.98
 -44.6962  -23.9467    0.00  24.97
 -44.6983  -23.9514    0.00  24.96
