 Longitude Latitude  Profun. Temp.
 -44.6962  -24.1749  -37.51   8.66
 -44.7008  -24.1810  -44.54   7.36
 -44.7011  -24.1827  -45.50   7.29
 -44.7014  -24.1854  -45.35   7.29
 -44.7014  -24.1877  -45.48   7.29
 -44.7016  -24.1902  -45.83   7.26
 -44.7016  -24.1917  -44.78   7.33
 -44.6998  -24.1929  -45.04   7.32
 -44.6978  -24.1937  -44.50   7.37
 -44.6962  -24.1947  -44.81   7.33
 -44.6948  -24.1950  -45.72   7.27
 -44.6935  -24.1939  -44.96   7.34
 -44.6934  -24.1927  -44.73   7.34
 -44.6927  -24.1920  -44.10   7.38
 -44.6927  -24.1902  -43.72   7.43
 -44.6930  -24.1891  -43.25   7.47
 -44.6943  -24.1879  -42.94   7.52
 -44.6956  -24.1870  -43.54   7.45
 -44.6978  -24.1847  -42.10   7.62
 -44.7001  -24.1830  -40.94   7.81
 -44.7019  -24.1824  -39.32   8.12
 -44.7020  -24.1820  -37.78   8.56
 -44.7019  -24.1817  -37.21   8.77
 -44.7009  -24.1810  -36.67   8.96
 -44.7011  -24.1795  -36.45   9.06
 -44.7005  -24.1791  -34.76   9.88
 -44.7000  -24.1782  -33.04  10.98
 -44.6978  -24.1773  -30.13  13.38
 -44.6957  -24.1776  -32.57  11.31
 -44.6940  -24.1781  -31.93  11.80
 -44.6927  -24.1790  -31.95  11.79
 -44.6923  -24.1785  -33.04  10.95
 -44.6930  -24.1773  -34.24  10.17
 -44.6945  -24.1767  -30.81  12.76
 -44.6958  -24.1764  -29.79  13.68
 -44.6957  -24.1760  -30.50  13.04
 -44.6966  -24.1743  -29.55  13.92
 -44.6977  -24.1731  -31.35  12.28
 -44.6990  -24.1723  -30.73  12.81
 -44.7005  -24.1708  -30.91  12.66
 -44.7024  -24.1702  -32.02  11.74
 -44.7040  -24.1687  -31.85  11.87
 -44.7055  -24.1680  -32.43  11.40
 -44.7078  -24.1677  -32.56  11.32
 -44.7098  -24.1667  -32.31  11.49
 -44.7134  -24.1669  -30.90  12.64
 -44.7175  -24.1664  -33.10  10.91
 -44.7199  -24.1661  -33.97  10.34
 -44.7220  -24.1658  -32.68  11.23
 -44.7248  -24.1647  -32.53  11.32
 -44.7272  -24.1637  -32.96  11.00
 -44.7286  -24.1629  -33.39  10.72
 -44.7294  -24.1632  -32.64  11.25
 -44.7297  -24.1628  -32.71  11.17
 -44.7296  -24.1628  -33.69  10.51
 -44.7291  -24.1631  -33.50  10.65
 -44.7272  -24.1622  -35.61   9.46
 -44.7257  -24.1631  -37.63   8.64
 -44.7255  -24.1635  -39.94   8.00
 -44.7242  -24.1632  -37.15   8.79
 -44.7216  -24.1638  -36.49   9.06
 -44.7192  -24.1642  -35.27   9.62
 -44.7174  -24.1649  -32.79  11.15
 -44.7153  -24.1648  -33.16  10.87
 -44.7129  -24.1647  -35.80   9.36
 -44.7101  -24.1648  -36.13   9.20
 -44.7071  -24.1643  -33.67  10.52
 -44.7040  -24.1641  -32.89  11.07
 -44.7006  -24.1630  -32.17  11.61
 -44.6966  -24.1623  -32.43  11.40
 -44.6939  -24.1623  -30.93  12.63
 -44.6927  -24.1609  -28.34  15.15
 -44.6916  -24.1592  -27.14  16.37
 -44.6895  -24.1562  -28.50  14.98
 -44.6877  -24.1540  -28.72  14.77
 -44.6866  -24.1517  -28.94  14.54
 -44.6863  -24.1492  -30.81  12.75
 -44.6873  -24.1472  -29.39  14.09
 -44.6889  -24.1455  -28.58  14.87
 -44.6897  -24.1434  -29.76  13.73
 -44.6911  -24.1420  -30.88  12.68
 -44.6919  -24.1410  -30.19  13.32
 -44.6917  -24.1400  -29.73  13.76
 -44.6917  -24.1387  -26.53  16.99
 -44.6916  -24.1378  -26.57  16.96
 -44.6916  -24.1364  -24.71  18.77
 -44.6917  -24.1347  -25.68  17.85
 -44.6907  -24.1324  -24.40  19.04
 -44.6887  -24.1308  -22.67  20.54
 -44.6866  -24.1289  -22.24  20.84
 -44.6858  -24.1277  -20.68  21.86
 -44.6847  -24.1255  -19.86  22.32
 -44.6843  -24.1225  -19.25  22.63
 -44.6847  -24.1211  -20.00  22.25
 -44.6854  -24.1201  -19.04  22.74
 -44.6872  -24.1185  -16.79  23.58
 -44.6888  -24.1172  -16.89  23.53
 -44.6899  -24.1161  -18.14  23.10
 -44.6915  -24.1149  -18.24  23.07
 -44.6936  -24.1134  -18.43  22.99
 -44.6964  -24.1115  -16.11  23.73
 -44.6977  -24.1097  -16.21  23.72
 -44.6994  -24.1093  -16.70  23.60
 -44.7016  -24.1090  -14.60  24.12
 -44.7038  -24.1085  -12.58  24.40
 -44.7057  -24.1067  -11.74  24.52
 -44.7068  -24.1059  -12.77  24.41
 -44.7078  -24.1052  -12.77  24.41
 -44.7091  -24.1045  -12.23  24.46
 -44.7108  -24.1042  -11.29  24.56
 -44.7122  -24.1037  -10.54  24.63
 -44.7130  -24.1035   -9.47  24.72
 -44.7147  -24.1035   -9.94  24.67
 -44.7154  -24.1023   -8.58  24.77
 -44.7151  -24.1012  -12.05  24.49
 -44.7144  -24.1004  -10.97  24.58
 -44.7136  -24.1004  -11.56  24.53
 -44.7134  -24.1010  -12.27  24.46
 -44.7132  -24.1015  -12.33  24.46
 -44.7132  -24.1029  -11.60  24.54
 -44.7125  -24.1041  -10.80  24.60
 -44.7111  -24.1062  -12.47  24.43
 -44.7096  -24.1091  -12.88  24.37
 -44.7066  -24.1118  -13.42  24.31
 -44.7036  -24.1144  -13.04  24.34
 -44.7009  -24.1167  -13.38  24.31
 -44.6985  -24.1181  -13.69  24.28
 -44.6957  -24.1195  -13.16  24.34
 -44.6930  -24.1206  -12.35  24.45
 -44.6904  -24.1216  -12.37  24.44
 -44.6878  -24.1218  -11.31  24.57
 -44.6867  -24.1218  -12.82  24.42
 -44.6859  -24.1206  -15.57  23.90
 -44.6855  -24.1183  -14.98  24.04
 -44.6864  -24.1159  -16.29  23.71
 -44.6873  -24.1139  -16.99  23.51
 -44.6885  -24.1120  -16.82  23.56
 -44.6883  -24.1104  -14.46  24.12
 -44.6890  -24.1093  -12.60  24.43
 -44.6901  -24.1081  -10.97  24.59
 -44.6918  -24.1069  -10.53  24.65
 -44.6928  -24.1064  -10.45  24.66
 -44.6934  -24.1061  -10.52  24.61
 -44.6944  -24.1064   -9.34  24.72
 -44.6955  -24.1064   -9.11  24.74
 -44.6966  -24.1068   -8.58  24.75
 -44.6969  -24.1074   -7.40  24.81
 -44.6971  -24.1080   -7.42  24.82
 -44.6991  -24.1091   -7.06  24.84
 -44.6998  -24.1102   -8.33  24.76
 -44.6995  -24.1115   -9.88  24.69
 -44.6997  -24.1130   -9.01  24.75
 -44.7000  -24.1143   -8.47  24.78
 -44.6993  -24.1165   -9.52  24.72
 -44.6989  -24.1186   -7.69  24.82
 -44.6985  -24.1211   -8.36  24.77
 -44.6979  -24.1229   -7.81  24.80
 -44.6987  -24.1242   -9.33  24.72
 -44.7000  -24.1265  -10.48  24.63
 -44.6993  -24.1289  -11.11  24.57
 -44.6988  -24.1312  -10.84  24.60
 -44.6988  -24.1344  -10.73  24.62
 -44.6977  -24.1367   -9.87  24.68
 -44.6968  -24.1389   -9.26  24.72
 -44.6962  -24.1403  -10.23  24.66
 -44.6952  -24.1415   -9.82  24.70
 -44.6949  -24.1423   -8.69  24.74
 -44.6943  -24.1427   -7.89  24.78
 -44.6929  -24.1435   -8.07  24.80
 -44.6914  -24.1435   -7.61  24.83
 -44.6911  -24.1427  -10.45  24.64
 -44.6908  -24.1413  -11.48  24.55
 -44.6903  -24.1391  -12.60  24.43
 -44.6896  -24.1373  -11.12  24.58
 -44.6893  -24.1355  -12.46  24.43
 -44.6894  -24.1329  -12.61  24.41
 -44.6893  -24.1309  -11.92  24.50
 -44.6898  -24.1294  -12.29  24.46
 -44.6897  -24.1293  -12.56  24.43
 -44.6892  -24.1294  -10.30  24.64
 -44.6889  -24.1288   -8.07  24.77
 -44.6892  -24.1294   -6.99  24.84
 -44.6898  -24.1302   -8.95  24.75
 -44.6913  -24.1300   -8.64  24.75
 -44.6927  -24.1296   -7.24  24.84
 -44.6931  -24.1291   -9.08  24.74
 -44.6935  -24.1290   -6.75  24.82
 -44.6944  -24.1276   -7.40  24.83
 -44.6936  -24.1261   -5.78  24.86
 -44.6938  -24.1247   -4.20  24.91
 -44.6950  -24.1236   -4.26  24.91
 -44.6963  -24.1236   -4.84  24.91
 -44.6969  -24.1222   -5.18  24.90
 -44.6969  -24.1211   -6.03  24.86
 -44.6966  -24.1212   -4.40  24.91
 -44.6972  -24.1215   -3.06  24.94
 -44.6989  -24.1217   -3.49  24.92
 -44.7005  -24.1230   -4.92  24.88
 -44.7015  -24.1261   -6.03  24.86
 -44.7031  -24.1292   -6.49  24.87
 -44.7049  -24.1309   -6.33  24.85
 -44.7066  -24.1323   -3.35  24.92
 -44.7078  -24.1329   -3.13  24.94
 -44.7096  -24.1340   -1.62  24.95
 -44.7127  -24.1355   -2.75  24.95
 -44.7156  -24.1365   -2.18  24.94
 -44.7181  -24.1372   -1.85  24.94
 -44.7200  -24.1380   -3.26  24.93
 -44.7223  -24.1382   -5.09  24.89
 -44.7252  -24.1378   -4.06  24.91
 -44.7273  -24.1382   -4.53  24.91
 -44.7287  -24.1393   -4.07  24.91
 -44.7304  -24.1409   -5.03  24.88
 -44.7325  -24.1429   -3.93  24.91
 -44.7342  -24.1454   -3.76  24.93
 -44.7358  -24.1470   -4.87  24.91
 -44.7378  -24.1483   -4.20  24.90
 -44.7393  -24.1497   -5.86  24.87
 -44.7414  -24.1504   -4.56  24.90
 -44.7433  -24.1510   -4.02  24.92
 -44.7445  -24.1520   -4.44  24.90
 -44.7450  -24.1513   -4.86  24.87
 -44.7463  -24.1509   -4.59  24.90
 -44.7472  -24.1503   -4.36  24.93
 -44.7472  -24.1496   -4.11  24.93
 -44.7468  -24.1486   -3.82  24.93
 -44.7465  -24.1487   -3.99  24.92
 -44.7447  -24.1498   -4.23  24.91
 -44.7442  -24.1508   -4.29  24.89
 -44.7435  -24.1526   -4.61  24.91
 -44.7436  -24.1547   -5.35  24.90
 -44.7438  -24.1556   -6.98  24.84
 -44.7458  -24.1585   -7.84  24.80
 -44.7480  -24.1601   -7.42  24.83
 -44.7494  -24.1613   -7.23  24.84
 -44.7523  -24.1614   -6.92  24.83
 -44.7547  -24.1613   -7.36  24.82
 -44.7567  -24.1608   -7.99  24.79
 -44.7597  -24.1596   -6.58  24.88
 -44.7624  -24.1571   -4.40  24.91
 -44.7651  -24.1542   -4.06  24.90
 -44.7661  -24.1515   -4.45  24.89
 -44.7674  -24.1498   -3.90  24.90
 -44.7681  -24.1477   -2.80  24.92
 -44.7679  -24.1460   -3.65  24.91
 -44.7695  -24.1440   -4.20  24.91
 -44.7713  -24.1426   -3.01  24.92
 -44.7739  -24.1415   -1.97  24.95
 -44.7769  -24.1402   -1.57  24.94
 -44.7797  -24.1388   -0.87  24.94
 -44.7813  -24.1382   -1.18  24.97
 -44.7823  -24.1380   -1.88  24.93
 -44.7837  -24.1380   -1.28  24.96
 -44.7844  -24.1386   -1.05  24.97
 -44.7859  -24.1392   -1.68  24.96
 -44.7880  -24.1399   -1.77  24.93
 -44.7888  -24.1415   -1.78  24.95
 -44.7882  -24.1430   -1.52  24.95
 -44.7867  -24.1435   -1.18  24.97
 -44.7849  -24.1433    0.00  24.98
 -44.7827  -24.1437    0.00  24.97
 -44.7811  -24.1452    0.00  24.95
 -44.7792  -24.1459    0.00  24.97
 -44.7775  -24.1453    0.00  24.97
 -44.7762  -24.1423    0.00  24.97
 -44.7741  -24.1396    0.00  -99.00
 -44.7721  -24.1369    0.00  24.97
 -44.7708  -24.1338    0.00  24.98
 -44.7694  -24.1311   -0.12  24.96
 -44.7684  -24.1291    0.00  24.96
 -44.7665  -24.1275    0.00  24.97
 -44.7660  -24.1253   -1.34  24.94
 -44.7660  -24.1225   -1.31  24.95
 -44.7660  -24.1212   -0.95  24.97
 -44.7654  -24.1218    0.00  24.97
 -44.7658  -24.1238    0.00  24.98
 -44.7656  -24.1242    0.00  24.97
 -44.7652  -24.1240    0.00  24.96
 -44.7645  -24.1235    0.00  24.96
 -44.7645  -24.1224    0.00  24.96
 -44.7645  -24.1216   -0.20  24.96
 -44.7650  -24.1217   -0.24  24.95
 -44.7650  -24.1211    0.00  24.98
 -44.7639  -24.1207   -0.19  24.95
 -44.7635  -24.1193   -0.45  24.97
 -44.7648  -24.1172   -0.31  24.97
 -44.7647  -24.1145    0.00  24.96
 -44.7655  -24.1127   -0.30  24.97
 -44.7658  -24.1119   -0.63  24.96
 -44.7661  -24.1112   -0.31  24.95
 -44.7663  -24.1102   -0.55  24.97
 -44.7668  -24.1092   -0.14  24.97
 -44.7677  -24.1072    0.00  24.95
 -44.7683  -24.1056   -1.08  24.96
 -44.7692  -24.1043   -0.92  24.97
 -44.7691  -24.1019    0.00  24.97
 -44.7621  -24.1077    0.00  24.96
 -44.7557  -24.1137    0.00  24.97
 -44.7490  -24.1199    0.00  24.97
 -44.7427  -24.1257    0.00  24.97
 -44.7364  -24.1318    0.00  24.97
