 Longitude Latitude  Profun. Temp.
 -44.7477  -23.9280  -17.45  23.35
 -44.7437  -23.9280  -19.16  22.69
 -44.7433  -23.9279  -19.37  22.56
 -44.7435  -23.9271  -19.17  22.66
 -44.7445  -23.9259  -20.45  21.99
 -44.7447  -23.9249  -19.67  22.43
 -44.7456  -23.9248  -20.69  21.88
 -44.7475  -23.9239  -21.27  21.53
 -44.7504  -23.9231  -21.03  21.65
 -44.7533  -23.9231  -20.81  21.79
 -44.7566  -23.9234  -21.10  21.63
 -44.7603  -23.9221  -23.78  19.62
 -44.7637  -23.9206  -24.45  19.01
 -44.7668  -23.9191  -26.42  17.11
 -44.7684  -23.9183  -25.98  17.55
 -44.7696  -23.9180  -27.24  16.28
 -44.7714  -23.9171  -27.25  16.24
 -44.7729  -23.9144  -28.96  14.51
 -44.7738  -23.9127  -29.35  14.13
 -44.7736  -23.9112  -30.17  13.35
 -44.7733  -23.9095  -32.02  11.72
 -44.7725  -23.9077  -33.13  10.91
 -44.7702  -23.9068  -30.74  12.82
 -44.7689  -23.9054  -30.82  12.73
 -44.7679  -23.9051  -33.98  10.33
 -44.7672  -23.9051  -32.94  11.04
 -44.7654  -23.9054  -34.72   9.89
 -44.7640  -23.9055  -33.89  10.39
 -44.7615  -23.9064  -34.07  10.28
 -44.7587  -23.9072  -34.78   9.86
 -44.7564  -23.9083  -36.53   9.02
 -44.7548  -23.9097  -38.07   8.45
 -44.7550  -23.9105  -37.31   8.73
 -44.7550  -23.9116  -36.34   9.11
 -44.7545  -23.9129  -36.93   8.88
 -44.7544  -23.9142  -34.99   9.75
 -44.7557  -23.9156  -35.98   9.27
 -44.7567  -23.9168  -34.78   9.87
 -44.7565  -23.9178  -34.90   9.81
 -44.7572  -23.9181  -35.78   9.34
 -44.7591  -23.9172  -36.20   9.17
 -44.7598  -23.9159  -35.61   9.44
 -44.7597  -23.9139  -34.24  10.18
 -44.7577  -23.9124  -34.11  10.26
 -44.7568  -23.9103  -32.85  11.08
 -44.7553  -23.9088  -34.47  10.04
 -44.7533  -23.9070  -34.92   9.80
 -44.7504  -23.9048  -37.09   8.81
 -44.7491  -23.9027  -35.52   9.47
 -44.7488  -23.9010  -37.02   8.85
 -44.7488  -23.9003  -35.84   9.32
 -44.7486  -23.9001  -35.88   9.30
 -44.7490  -23.8998  -36.59   8.99
 -44.7507  -23.8989  -35.34   9.56
 -44.7522  -23.8979  -34.23  10.17
 -44.7534  -23.8969  -32.88  11.07
 -44.7548  -23.8960  -31.20  12.41
 -44.7558  -23.8948  -31.47  12.19
 -44.7563  -23.8930  -32.24  11.57
 -44.7563  -23.8915  -31.13  12.47
 -44.7562  -23.8905  -32.42  11.42
 -44.7555  -23.8892  -31.69  11.99
 -44.7543  -23.8881  -32.27  11.52
 -44.7537  -23.8868  -32.52  11.34
 -44.7531  -23.8862  -33.64  10.55
 -44.7528  -23.8853  -31.92  11.82
 -44.7526  -23.8846  -34.34  10.13
 -44.7531  -23.8840  -35.42   9.53
 -44.7542  -23.8835  -37.33   8.72
 -44.7550  -23.8836  -36.32   9.12
 -44.7560  -23.8831  -35.27   9.59
 -44.7576  -23.8822  -35.76   9.36
 -44.7590  -23.8818  -35.75   9.36
 -44.7607  -23.8815  -35.84   9.33
 -44.7616  -23.8816  -35.79   9.35
 -44.7618  -23.8826  -35.52   9.46
 -44.7619  -23.8848  -35.03   9.73
 -44.7619  -23.8876  -34.61   9.98
 -44.7613  -23.8900  -32.94  11.01
 -44.7606  -23.8915  -32.17  11.62
 -44.7606  -23.8928  -31.39  12.23
 -44.7605  -23.8946  -32.44  11.42
 -44.7595  -23.8971  -33.56  10.58
 -44.7586  -23.8999  -31.88  11.83
 -44.7574  -23.9023  -35.77   9.34
 -44.7574  -23.9045  -36.66   8.98
 -44.7566  -23.9061  -37.30   8.74
 -44.7565  -23.9079  -38.26   8.40
 -44.7560  -23.9087  -37.30   8.73
 -44.7554  -23.9094  -36.68   8.97
 -44.7545  -23.9111  -36.52   9.03
 -44.7540  -23.9139  -35.40   9.53
 -44.7531  -23.9175  -36.33   9.12
 -44.7525  -23.9195  -34.38  10.10
 -44.7522  -23.9217  -32.15  11.62
 -44.7516  -23.9243  -32.22  11.58
 -44.7494  -23.9268  -34.51  10.02
 -44.7478  -23.9290  -32.98  10.99
 -44.7460  -23.9293  -32.96  11.01
 -44.7438  -23.9297  -31.58  12.06
 -44.7417  -23.9311  -32.77  11.16
 -44.7399  -23.9318  -34.29  10.13
 -44.7373  -23.9309  -34.67   9.91
 -44.7353  -23.9284  -35.05   9.74
 -44.7333  -23.9266  -33.98  10.34
 -44.7330  -23.9234  -33.25  10.81
 -44.7333  -23.9207  -31.58  12.10
 -44.7340  -23.9190  -31.37  12.28
 -44.7345  -23.9175  -30.33  13.20
 -44.7352  -23.9168  -31.08  12.51
 -44.7356  -23.9176  -30.19  13.31
 -44.7361  -23.9182  -30.18  13.31
 -44.7368  -23.9191  -28.34  15.12
 -44.7373  -23.9207  -25.91  17.62
 -44.7380  -23.9223  -28.45  15.02
 -44.7395  -23.9239  -25.34  18.18
 -44.7389  -23.9261  -27.91  15.56
 -44.7378  -23.9271  -27.58  15.93
 -44.7368  -23.9271  -29.41  14.06
 -44.7362  -23.9260  -28.73  14.74
 -44.7348  -23.9256  -29.74  13.72
 -44.7340  -23.9246  -30.49  13.04
 -44.7333  -23.9221  -30.26  13.26
 -44.7323  -23.9197  -28.09  15.41
 -44.7305  -23.9173  -31.42  12.21
 -44.7288  -23.9154  -32.29  11.52
 -44.7256  -23.9135  -32.72  11.21
 -44.7232  -23.9120  -31.69  11.99
 -44.7207  -23.9112  -33.03  10.97
 -44.7189  -23.9096  -31.60  12.06
 -44.7173  -23.9089  -34.52  10.01
 -44.7165  -23.9071  -34.17  10.21
 -44.7174  -23.9053  -34.10  10.26
 -44.7186  -23.9045  -33.13  10.89
 -44.7202  -23.9039  -35.14   9.68
 -44.7239  -23.9038  -36.07   9.21
 -44.7283  -23.9031  -37.13   8.78
 -44.7323  -23.9022  -39.54   8.07
 -44.7360  -23.9026  -40.44   7.90
 -44.7389  -23.9026  -41.05   7.77
 -44.7417  -23.9041  -41.01   7.79
 -44.7445  -23.9054  -42.98   7.51
 -44.7469  -23.9076  -41.98   7.64
 -44.7492  -23.9091  -43.92   7.41
 -44.7517  -23.9102  -45.12   7.30
 -44.7548  -23.9118  -44.27   7.37
 -44.7562  -23.9129  -44.69   7.35
 -44.7562  -23.9147  -45.15   7.32
 -44.7560  -23.9172  -44.19   7.37
 -44.7569  -23.9183  -43.95   7.41
 -44.7592  -23.9199  -44.93   7.32
 -44.7616  -23.9210  -44.45   7.38
 -44.7638  -23.9228  -44.65   7.35
 -44.7664  -23.9249  -45.52   7.28
 -44.7673  -23.9259  -47.12   7.20
 -44.7685  -23.9264  -46.37   7.23
 -44.7684  -23.9267  -47.69   7.17
 -44.7702  -23.9267  -48.89   7.13
 -44.7714  -23.9271  -49.67   7.10
 -44.7737  -23.9267  -48.81   7.12
 -44.7745  -23.9267  -49.66   7.11
 -44.7740  -23.9263  -48.31   7.16
 -44.7731  -23.9264  -48.67   7.15
 -44.7722  -23.9262  -47.99   7.16
 -44.7700  -23.9252  -48.97   7.15
 -44.7680  -23.9252  -48.02   7.17
 -44.7650  -23.9261  -48.20   7.17
 -44.7627  -23.9265  -48.07   7.17
 -44.7590  -23.9277  -47.08   7.20
 -44.7548  -23.9291  -46.33   7.24
 -44.7500  -23.9304  -47.13   7.21
 -44.7466  -23.9310  -46.48   7.23
 -44.7438  -23.9317  -46.87   7.22
 -44.7404  -23.9318  -46.96   7.22
 -44.7376  -23.9316  -45.30   7.31
 -44.7358  -23.9313  -44.61   7.36
 -44.7344  -23.9325  -45.21   7.30
 -44.7333  -23.9328  -45.40   7.31
 -44.7313  -23.9340  -44.48   7.36
 -44.7295  -23.9344  -44.34   7.38
 -44.7292  -23.9339  -45.09   7.32
 -44.7296  -23.9345  -45.46   7.28
 -44.7290  -23.9355  -45.46   7.29
 -44.7290  -23.9374  -45.08   7.32
 -44.7291  -23.9389  -43.36   7.47
 -44.7281  -23.9406  -41.08   7.78
 -44.7261  -23.9427  -40.19   7.93
 -44.7239  -23.9430  -38.53   8.33
 -44.7222  -23.9438  -36.44   9.06
 -44.7214  -23.9446  -35.88   9.32
 -44.7204  -23.9457  -36.24   9.16
 -44.7210  -23.9463  -35.78   9.37
 -44.7207  -23.9468  -33.47  10.67
 -44.7207  -23.9476  -32.60  11.28
 -44.7205  -23.9476  -34.60   9.97
 -44.7202  -23.9476  -34.46  10.06
 -44.7203  -23.9478  -35.10   9.69
 -44.7214  -23.9473  -35.97   9.27
 -44.7225  -23.9479  -35.57   9.46
 -44.7230  -23.9483  -38.15   8.44
 -44.7231  -23.9473  -37.91   8.54
 -44.7229  -23.9464  -37.22   8.76
 -44.7210  -23.9450  -37.06   8.81
 -44.7191  -23.9442  -37.29   8.73
 -44.7174  -23.9429  -36.90   8.87
 -44.7156  -23.9413  -37.94   8.52
 -44.7142  -23.9397  -39.36   8.12
 -44.7128  -23.9376  -39.46   8.12
 -44.7121  -23.9356  -40.10   7.96
 -44.7118  -23.9332  -39.88   8.02
 -44.7122  -23.9306  -40.80   7.82
 -44.7130  -23.9289  -41.53   7.70
 -44.7144  -23.9262  -41.19   7.76
 -44.7154  -23.9249  -42.12   7.63
 -44.7161  -23.9230  -43.64   7.43
 -44.7162  -23.9214  -44.72   7.37
 -44.7161  -23.9201  -45.23   7.32
 -44.7157  -23.9197  -45.04   7.33
 -44.7168  -23.9195  -45.97   7.25
 -44.7178  -23.9199  -46.11   7.26
 -44.7184  -23.9203  -46.67   7.23
 -44.7180  -23.9212  -46.53   7.23
 -44.7171  -23.9214  -46.11   7.25
 -44.7158  -23.9221  -47.42   7.18
 -44.7150  -23.9230  -48.26   7.15
 -44.7147  -23.9227  -47.60   7.17
 -44.7148  -23.9221  -45.78   7.25
 -44.7154  -23.9220  -45.08   7.31
 -44.7171  -23.9208  -45.17   7.31
 -44.7167  -23.9196  -44.16   7.39
 -44.7156  -23.9181  -42.37   7.59
 -44.7143  -23.9161  -43.14   7.49
 -44.7131  -23.9150  -42.23   7.59
 -44.7129  -23.9148  -43.28   7.47
 -44.7126  -23.9148  -42.47   7.57
 -44.7128  -23.9130  -42.55   7.54
 -44.7131  -23.9122  -44.07   7.40
 -44.7133  -23.9109  -42.59   7.57
 -44.7124  -23.9099  -40.83   7.82
 -44.7100  -23.9093  -41.12   7.75
 -44.7088  -23.9088  -40.92   7.80
 -44.7072  -23.9080  -42.71   7.54
 -44.7056  -23.9083  -42.28   7.60
 -44.7045  -23.9081  -42.69   7.56
 -44.7017  -23.9081  -41.84   7.66
 -44.6991  -23.9082  -40.25   7.93
 -44.6968  -23.9089  -41.82   7.67
 -44.6947  -23.9103  -43.34   7.48
 -44.6932  -23.9123  -43.88   7.41
 -44.6930  -23.9143  -43.69   7.43
 -44.6931  -23.9158  -44.22   7.38
 -44.6935  -23.9176  -44.89   7.35
 -44.6949  -23.9204  -46.02   7.27
 -44.6969  -23.9230  -46.78   7.23
 -44.6990  -23.9250  -46.89   7.21
 -44.7021  -23.9269  -48.50   7.14
 -44.7058  -23.9280  -48.04   7.16
 -44.7096  -23.9295  -49.67   7.11
 -44.7123  -23.9299  -50.48   7.10
 -44.7143  -23.9297  -50.06   7.09
 -44.7159  -23.9285  -51.41  -99.00
 -44.7173  -23.9279  -52.25   7.09
 -44.7181  -23.9265  -52.16   7.07
 -44.7190  -23.9252  -53.28   7.04
 -44.7193  -23.9230  -52.93   7.05
 -44.7183  -23.9208  -53.44   7.07
 -44.7174  -23.9183  -53.63   7.04
 -44.7159  -23.9168  -53.45   7.06
 -44.7138  -23.9166  -53.61   7.04
 -44.7131  -23.9172  -53.56   7.05
 -44.7126  -23.9191  -53.73   7.04
 -44.7121  -23.9206  -52.80   7.06
 -44.7127  -23.9222  -52.65   7.05
 -44.7132  -23.9244  -52.17   7.07
 -44.7141  -23.9268  -52.73   7.05
 -44.7144  -23.9295  -52.99  -99.00
 -44.7150  -23.9323  -53.60   7.03
 -44.7157  -23.9358  -53.13   7.07
 -44.7161  -23.9399  -52.80   7.05
 -44.7164  -23.9419  -52.42   7.05
 -44.7171  -23.9443  -52.37   7.04
 -44.7171  -23.9463  -52.39   7.07
 -44.7173  -23.9479  -52.64   7.05
 -44.7167  -23.9495  -52.66   7.06
 -44.7167  -23.9498  -52.69   7.07
 -44.7157  -23.9491  -52.16  -99.00
 -44.7159  -23.9482  -51.08   7.09
 -44.7164  -23.9466  -51.67   7.07
 -44.7163  -23.9448  -51.64   7.08
 -44.7161  -23.9425  -51.53   7.06
 -44.7167  -23.9411  -51.45   7.08
 -44.7159  -23.9400  -51.46   7.07
 -44.7164  -23.9383  -51.13   7.06
 -44.7162  -23.9385  -51.43   7.07
 -44.7154  -23.9385  -50.63   7.09
 -44.7136  -23.9393  -51.17  -99.00
 -44.7162  -23.9387  -50.64   7.09
 -44.7184  -23.9382  -51.06   7.09
 -44.7210  -23.9385  -51.18   7.10
 -44.7240  -23.9382  -51.67   7.07
 -44.7274  -23.9377  -52.41   7.03
