 Longitude Latitude  Profun. Temp.
 -44.7014  -24.2219  -51.34   7.07
 -44.6986  -24.2260  -53.81   7.04
 -44.6987  -24.2269  -53.67   7.04
 -44.6987  -24.2274  -53.88   7.05
 -44.6977  -24.2278  -53.94   7.03
 -44.6971  -24.2281  -54.21   7.05
 -44.6961  -24.2284  -54.17   7.04
 -44.6952  -24.2282  -54.20   7.04
 -44.6954  -24.2282  -54.38   7.05
 -44.6966  -24.2287  -54.44   7.05
 -44.6980  -24.2294  -54.66   7.03
 -44.7003  -24.2300  -54.69   7.04
 -44.7027  -24.2312  -54.83   7.04
 -44.7038  -24.2334  -54.74   7.03
 -44.7052  -24.2367  -54.82   7.04
 -44.7073  -24.2408  -54.95   7.04
 -44.7086  -24.2448  -54.99   7.04
 -44.7099  -24.2486  -54.99   7.04
 -44.7121  -24.2528  -54.98   7.03
 -44.7137  -24.2572  -54.99   7.02
 -44.7143  -24.2615  -54.86   7.01
 -44.7141  -24.2646  -54.88   7.03
 -44.7132  -24.2682  -54.94   7.02
 -44.7131  -24.2712  -55.00   7.03
 -44.7139  -24.2738  -55.00   7.05
 -44.7147  -24.2754  -54.97   7.03
 -44.7158  -24.2764  -54.96   7.01
 -44.7175  -24.2784  -54.95   7.03
 -44.7198  -24.2801  -54.94   7.01
 -44.7199  -24.2822  -54.98   7.04
 -44.7203  -24.2831  -54.99   7.02
 -44.7209  -24.2832  -54.97   7.04
 -44.7213  -24.2836  -54.99   7.04
 -44.7212  -24.2842  -54.98   7.04
 -44.7207  -24.2843  -55.00   7.04
 -44.7203  -24.2840  -55.00   7.03
 -44.7201  -24.2844  -54.93   7.04
 -44.7193  -24.2850  -55.00   7.04
 -44.7179  -24.2851  -54.98   7.03
 -44.7163  -24.2850  -54.98   7.03
 -44.7158  -24.2852  -55.00   7.05
 -44.7149  -24.2853  -55.00   7.03
 -44.7151  -24.2853  -54.91   7.04
 -44.7161  -24.2859  -54.95   7.05
 -44.7181  -24.2857  -54.89   7.04
 -44.7201  -24.2867  -54.82   7.03
 -44.7210  -24.2881  -54.46   7.03
 -44.7216  -24.2893  -53.96   7.04
 -44.7227  -24.2899  -53.41   7.03
 -44.7244  -24.2909  -53.55   7.04
 -44.7258  -24.2916  -53.95   7.05
 -44.7277  -24.2914  -54.20   7.03
 -44.7291  -24.2911  -54.49   7.02
 -44.7297  -24.2907  -54.42   7.04
 -44.7300  -24.2900  -54.21   7.05
 -44.7293  -24.2902  -54.33   7.03
 -44.7283  -24.2890  -54.33   7.04
 -44.7273  -24.2877  -54.33   7.04
 -44.7260  -24.2867  -54.62   7.03
 -44.7253  -24.2850  -54.85   7.06
 -44.7237  -24.2823  -54.96   7.03
 -44.7215  -24.2805  -54.84   7.02
 -44.7185  -24.2790  -54.53   7.04
 -44.7163  -24.2780  -54.37   7.02
 -44.7140  -24.2775  -54.01   7.05
 -44.7118  -24.2764  -53.91   7.05
 -44.7101  -24.2743  -54.27   7.03
 -44.7085  -24.2733  -54.77   7.03
 -44.7066  -24.2721  -54.85   7.04
 -44.7058  -24.2707  -54.78   7.02
 -44.7043  -24.2704  -54.99   7.03
 -44.7042  -24.2706  -54.89   7.03
 -44.7048  -24.2704  -54.85   7.03
 -44.7044  -24.2700  -54.98   7.02
 -44.7052  -24.2690  -54.87   7.04
 -44.7061  -24.2682  -54.95   7.04
 -44.7071  -24.2690  -55.00  -99.00
 -44.7075  -24.2693  -55.00   7.02
 -44.7067  -24.2687  -54.74   7.03
 -44.7066  -24.2682  -54.48   7.04
 -44.7054  -24.2677  -54.54   7.04
 -44.7032  -24.2671  -54.77   7.03
 -44.7006  -24.2659  -54.81   7.03
 -44.6980  -24.2653  -54.85   7.01
 -44.6971  -24.2643  -54.92   7.05
 -44.6951  -24.2641  -54.70   7.04
 -44.6930  -24.2634  -54.31   7.05
 -44.6910  -24.2621  -54.46   7.03
 -44.6898  -24.2606  -54.35   7.04
 -44.6906  -24.2590  -54.58   7.03
 -44.6907  -24.2578  -54.59   7.04
 -44.6924  -24.2565  -54.52   7.02
 -44.6950  -24.2546  -54.34   7.04
 -44.6968  -24.2537  -53.28   7.05
 -44.6979  -24.2520  -53.24   7.04
 -44.6990  -24.2502  -53.18   7.04
 -44.6997  -24.2480  -52.71   7.05
 -44.7010  -24.2467  -52.43   7.06
 -44.7020  -24.2445  -53.17   7.06
 -44.7028  -24.2439  -53.90   7.05
 -44.7028  -24.2435  -53.59   7.04
 -44.7035  -24.2428  -54.26   7.05
 -44.7036  -24.2414  -54.01   7.03
 -44.7037  -24.2402  -54.41   7.04
 -44.7038  -24.2384  -54.26   7.03
 -44.7050  -24.2363  -54.21   7.05
 -44.7061  -24.2354  -53.74   7.05
 -44.7082  -24.2354  -54.08   7.04
 -44.7100  -24.2345  -53.94  -99.00
 -44.7119  -24.2333  -54.46   7.04
 -44.7127  -24.2312  -54.70   7.02
 -44.7132  -24.2295  -54.84   7.06
 -44.7145  -24.2276  -54.89   7.03
 -44.7147  -24.2256  -54.91   7.02
 -44.7149  -24.2234  -54.95   7.04
 -44.7156  -24.2206  -55.00   7.04
 -44.7157  -24.2179  -55.00   7.02
 -44.7151  -24.2153  -54.92   7.03
 -44.7125  -24.2119  -54.83   7.03
 -44.7096  -24.2085  -54.85   7.06
 -44.7066  -24.2050  -54.84   7.04
 -44.7047  -24.2016  -54.90   7.03
 -44.7028  -24.1987  -54.78   7.04
 -44.6999  -24.1961  -54.85  -99.00
 -44.6975  -24.1948  -54.71   7.02
 -44.6950  -24.1941  -54.87   7.03
 -44.6934  -24.1943  -54.93   7.05
 -44.6917  -24.1951  -54.93   7.02
 -44.6911  -24.1949  -54.93   7.03
 -44.6917  -24.1944  -54.98   7.02
 -44.6917  -24.1951  -54.89   7.04
 -44.6926  -24.1967  -54.84   7.04
 -44.6940  -24.1992  -55.00   7.06
 -44.6959  -24.2011  -54.99   7.03
 -44.6973  -24.2020  -54.72   7.03
 -44.6981  -24.2028  -54.79   7.04
 -44.6981  -24.2035  -54.39   7.02
 -44.6973  -24.2043  -54.47   7.04
 -44.6972  -24.2049  -54.46   7.05
 -44.6962  -24.2053  -54.11   7.04
 -44.6953  -24.2065  -53.58   7.04
 -44.6944  -24.2070  -53.21   7.06
 -44.6922  -24.2066  -53.26   7.04
 -44.6892  -24.2057  -53.37   7.06
 -44.6863  -24.2047  -53.00   7.05
 -44.6835  -24.2039  -52.94   7.04
 -44.6815  -24.2029  -52.26   7.07
 -44.6799  -24.2019  -53.11   7.05
 -44.6782  -24.2015  -52.37   7.06
 -44.6761  -24.2009  -50.73   7.09
 -44.6737  -24.2010  -50.11   7.10
 -44.6718  -24.2007  -50.19   7.09
 -44.6707  -24.1997  -51.45   7.08
 -44.6704  -24.1990  -51.32   7.08
 -44.6704  -24.1985  -51.41   7.08
 -44.6698  -24.1973  -51.67  -99.00
 -44.6708  -24.1958  -52.25   7.07
 -44.6710  -24.1945  -51.94   7.06
 -44.6715  -24.1932  -51.66   7.07
 -44.6723  -24.1910  -52.26   7.07
 -44.6733  -24.1896  -51.85   7.07
 -44.6748  -24.1888  -50.86   7.09
 -44.6762  -24.1873  -50.83   7.08
 -44.6769  -24.1873  -52.42  -99.00
 -44.6772  -24.1868  -52.29   7.05
 -44.6766  -24.1866  -52.69   7.06
 -44.6769  -24.1873  -52.33   7.06
 -44.6770  -24.1897  -52.82   7.05
 -44.6781  -24.1912  -52.68   7.05
 -44.6789  -24.1926  -51.48   7.09
 -44.6794  -24.1938  -52.73   7.05
 -44.6783  -24.1940  -52.59   7.06
 -44.6779  -24.1938  -53.16   7.05
 -44.6774  -24.1949  -52.29   7.06
 -44.6773  -24.1950  -52.19   7.05
 -44.6774  -24.1956  -52.70   7.06
 -44.6780  -24.1947  -52.49  -99.00
 -44.6779  -24.1938  -52.06   7.05
 -44.6770  -24.1924  -51.30   7.08
 -44.6763  -24.1922  -51.34   7.07
 -44.6758  -24.1912  -52.16   7.07
 -44.6751  -24.1900  -52.44   7.06
 -44.6760  -24.1891  -52.64   7.06
 -44.6765  -24.1876  -51.74   7.07
 -44.6763  -24.1854  -51.72  -99.00
 -44.6753  -24.1840  -51.27   7.07
 -44.6741  -24.1831  -50.12   7.09
 -44.6725  -24.1842  -49.58   7.13
 -44.6710  -24.1849  -50.09   7.10
 -44.6698  -24.1854  -50.96   7.10
 -44.6686  -24.1850  -50.16   7.11
 -44.6680  -24.1851  -51.08   7.08
 -44.6677  -24.1856  -51.28   7.08
 -44.6669  -24.1866  -51.33   7.04
 -44.6659  -24.1888  -51.16   7.08
 -44.6651  -24.1902  -51.47   7.06
 -44.6656  -24.1916  -51.27   7.09
 -44.6665  -24.1915  -52.32   7.06
 -44.6675  -24.1909  -52.36   7.07
 -44.6689  -24.1901  -52.60  -99.00
 -44.6700  -24.1894  -53.16   7.04
 -44.6698  -24.1889  -52.34   7.08
 -44.6698  -24.1884  -52.73   7.08
 -44.6691  -24.1880  -52.75   7.04
 -44.6701  -24.1867  -52.78   7.06
 -44.6704  -24.1835  -52.61   7.06
 -44.6708  -24.1809  -51.83   7.07
 -44.6708  -24.1777  -51.52   7.09
 -44.6717  -24.1754  -50.90   7.09
 -44.6720  -24.1716  -50.51   7.10
 -44.6716  -24.1681  -49.92   7.10
 -44.6704  -24.1641  -48.83   7.14
 -44.6703  -24.1599  -49.31   7.12
 -44.6695  -24.1560  -48.79   7.13
 -44.6685  -24.1525  -49.24   7.12
 -44.6661  -24.1511  -49.16   7.15
 -44.6628  -24.1507  -50.82   7.09
 -44.6599  -24.1504  -51.83   7.05
 -44.6565  -24.1492  -52.01   7.07
 -44.6521  -24.1484  -52.08   7.09
 -44.6482  -24.1490  -51.24   7.08
 -44.6440  -24.1493  -52.18   7.06
 -44.6407  -24.1501  -51.35   7.08
 -44.6369  -24.1510  -51.10   7.07
 -44.6341  -24.1511  -51.53  -99.00
 -44.6316  -24.1519  -50.81   7.09
 -44.6299  -24.1519  -51.04   7.08
 -44.6292  -24.1523  -51.31   7.08
 -44.6289  -24.1527  -50.13   7.11
 -44.6303  -24.1540  -49.24   7.13
 -44.6324  -24.1545  -48.43   7.15
 -44.6350  -24.1543  -48.63   7.14
 -44.6374  -24.1541  -47.49   7.19
 -44.6405  -24.1539  -47.35   7.20
 -44.6442  -24.1544  -46.14   7.25
 -44.6475  -24.1551  -47.73   7.16
 -44.6514  -24.1550  -46.13   7.25
 -44.6549  -24.1542  -45.20   7.30
 -44.6586  -24.1533  -44.79   7.34
 -44.6608  -24.1528  -46.35   7.22
 -44.6623  -24.1513  -47.38   7.19
 -44.6623  -24.1503  -48.99   7.13
 -44.6618  -24.1502  -50.26   7.11
 -44.6613  -24.1501  -50.12   7.09
 -44.6610  -24.1499  -50.10   7.10
 -44.6603  -24.1500  -49.88   7.12
 -44.6588  -24.1508  -49.57   7.13
 -44.6575  -24.1516  -48.64   7.15
 -44.6555  -24.1524  -48.87   7.12
 -44.6536  -24.1539  -48.54   7.16
 -44.6537  -24.1555  -47.27   7.18
 -44.6531  -24.1580  -47.21   7.20
 -44.6530  -24.1612  -47.08   7.20
 -44.6540  -24.1631  -47.01   7.18
 -44.6555  -24.1653  -47.24   7.22
 -44.6551  -24.1682  -46.62   7.25
 -44.6541  -24.1710  -46.61   7.22
 -44.6539  -24.1736  -45.17   7.31
 -44.6539  -24.1755  -44.36   7.37
 -44.6540  -24.1775  -44.69   7.34
 -44.6542  -24.1775  -45.19   7.31
 -44.6538  -24.1769  -46.59   7.21
 -44.6546  -24.1763  -45.84   7.28
 -44.6554  -24.1756  -47.76   7.18
 -44.6558  -24.1761  -47.67   7.18
 -44.6558  -24.1764  -46.68   7.22
 -44.6577  -24.1758  -43.78   7.43
 -44.6599  -24.1750  -45.18   7.32
 -44.6618  -24.1742  -47.14   7.20
 -44.6632  -24.1739  -48.09   7.17
 -44.6654  -24.1732  -47.83   7.16
 -44.6685  -24.1731  -46.82   7.23
 -44.6709  -24.1728  -46.21   7.25
 -44.6733  -24.1725  -44.51   7.38
 -44.6761  -24.1724  -44.25   7.38
 -44.6794  -24.1725  -44.33   7.37
 -44.6831  -24.1718  -44.28   7.38
 -44.6855  -24.1709  -43.74   7.44
 -44.6880  -24.1691  -43.08   7.50
 -44.6903  -24.1682  -40.87   7.83
 -44.6919  -24.1671  -41.35   7.74
 -44.6930  -24.1664  -40.27   7.93
 -44.6937  -24.1656  -39.67   8.04
 -44.6935  -24.1651  -38.89   8.22
 -44.6929  -24.1644  -39.40   8.11
 -44.6920  -24.1627  -38.62   8.30
 -44.6901  -24.1601  -38.51   8.34
 -44.6893  -24.1579  -37.84   8.56
 -44.6891  -24.1552  -38.04   8.48
 -44.6887  -24.1529  -38.71   8.29
 -44.6887  -24.1492  -38.12   8.48
 -44.6891  -24.1468  -38.68   8.31
 -44.6897  -24.1440  -37.28   8.76
 -44.6901  -24.1418  -37.75   8.57
 -44.6908  -24.1400  -36.73   8.94
 -44.6911  -24.1383  -36.52   9.03
 -44.6925  -24.1450  -38.20   8.43
 -44.6941  -24.1517  -39.76   8.03
 -44.6948  -24.1589  -39.11   8.20
 -44.6952  -24.1669  -37.91   8.52
 -44.6962  -24.1749  -37.51   8.66
