 Longitude Latitude  Profun. Temp.
 -44.7024  -24.2326   -8.84  24.75
 -44.7004  -24.2346   -4.71  24.91
 -44.7017  -24.2336   -4.49  24.89
 -44.7026  -24.2334   -6.31  24.85
 -44.7039  -24.2325   -5.61  24.87
 -44.7042  -24.2314   -6.16  24.85
 -44.7040  -24.2305   -6.55  24.86
 -44.7049  -24.2292   -6.17  24.86
 -44.7071  -24.2283   -6.79  24.84
 -44.7097  -24.2261   -6.13  24.88
 -44.7132  -24.2249   -7.15  24.80
 -44.7163  -24.2231   -6.14  24.88
 -44.7185  -24.2213   -5.36  24.87
 -44.7204  -24.2196   -5.90  24.88
 -44.7223  -24.2175   -6.61  24.85
 -44.7237  -24.2157   -6.37  24.86
 -44.7263  -24.2140   -7.12  24.82
 -44.7293  -24.2121   -7.38  24.83
 -44.7319  -24.2101   -7.10  24.84
 -44.7336  -24.2075   -7.35  24.80
 -44.7337  -24.2061   -8.72  24.77
 -44.7338  -24.2039  -10.24  24.67
 -44.7340  -24.2021   -9.49  24.72
 -44.7344  -24.2009   -9.24  24.73
 -44.7348  -24.1999  -11.92  24.51
 -44.7362  -24.1993  -11.52  24.54
 -44.7384  -24.1990  -13.86  24.24
 -44.7410  -24.1988  -13.69  24.27
 -44.7436  -24.1985  -13.63  24.27
 -44.7454  -24.1984  -14.56  24.12
 -44.7479  -24.1992  -15.13  24.00
 -44.7514  -24.1989  -14.26  24.17
 -44.7543  -24.1996  -15.72  23.85
 -44.7567  -24.2004  -16.24  23.74
 -44.7588  -24.2012  -16.18  23.72
 -44.7609  -24.2025  -15.67  23.88
 -44.7629  -24.2035  -16.72  23.57
 -44.7641  -24.2037  -16.22  23.72
 -44.7640  -24.2030  -16.95  23.52
 -44.7640  -24.2022  -15.99  23.79
 -44.7633  -24.2011  -17.72  23.27
 -44.7623  -24.1997  -16.40  23.69
 -44.7616  -24.1989  -15.43  23.94
 -44.7610  -24.1970  -17.07  23.47
 -44.7606  -24.1957  -16.47  23.66
 -44.7605  -24.1946  -15.78  23.85
 -44.7605  -24.1940  -15.45  23.93
 -44.7601  -24.1926  -15.92  23.81
 -44.7595  -24.1913  -15.76  23.85
 -44.7597  -24.1906  -16.83  23.56
 -44.7600  -24.1900  -18.85  22.82
 -44.7616  -24.1904  -18.03  23.13
 -44.7622  -24.1903  -16.15  23.75
 -44.7610  -24.1899  -17.82  23.21
 -44.7596  -24.1899  -19.26  22.62
 -44.7577  -24.1900  -15.14  24.00
 -44.7550  -24.1896  -15.28  23.94
 -44.7520  -24.1886  -14.77  24.07
 -44.7492  -24.1873  -15.58  23.90
 -44.7463  -24.1865  -16.35  23.69
 -44.7438  -24.1861  -17.48  23.32
 -44.7403  -24.1854  -17.96  23.18
 -44.7364  -24.1835  -21.16  21.57
 -44.7342  -24.1817  -20.22  22.11
 -44.7322  -24.1801  -20.44  22.01
 -44.7301  -24.1789  -18.12  23.10
 -44.7275  -24.1778  -18.25  23.06
 -44.7246  -24.1772  -15.51  23.92
 -44.7210  -24.1759  -14.50  24.14
 -44.7175  -24.1758  -14.65  24.10
 -44.7140  -24.1751  -15.89  23.83
 -44.7096  -24.1736  -15.17  23.99
 -44.7053  -24.1729  -17.92  23.17
 -44.7009  -24.1732  -20.16  22.16
 -44.6962  -24.1735  -20.50  21.99
 -44.6914  -24.1732  -20.87  21.75
 -44.6878  -24.1728  -21.61  21.29
 -44.6856  -24.1722  -21.82  21.14
 -44.6838  -24.1711  -20.18  22.17
 -44.6821  -24.1706  -21.53  21.33
 -44.6805  -24.1697  -21.24  21.52
 -44.6792  -24.1700  -19.55  22.50
 -44.6783  -24.1711  -22.24  20.83
 -44.6782  -24.1721  -22.79  20.42
 -44.6776  -24.1727  -20.69  21.86
 -44.6764  -24.1729  -20.43  22.02
 -44.6765  -24.1737  -23.62  19.75
 -44.6760  -24.1745  -24.32  19.13
 -44.6755  -24.1752  -25.57  17.94
 -44.6752  -24.1758  -26.37  17.17
 -44.6758  -24.1763  -26.82  16.68
 -44.6756  -24.1761  -24.00  19.43
 -44.6757  -24.1753  -24.04  19.37
 -44.6752  -24.1741  -22.11  20.93
 -44.6741  -24.1731  -21.83  21.15
 -44.6735  -24.1713  -22.08  20.96
 -44.6734  -24.1700  -23.16  20.14
 -44.6730  -24.1684  -25.07  18.44
 -44.6731  -24.1671  -25.74  17.77
 -44.6731  -24.1653  -26.47  17.05
 -44.6735  -24.1642  -24.87  18.65
 -44.6731  -24.1628  -24.30  19.16
 -44.6724  -24.1626  -25.98  17.56
 -44.6726  -24.1621  -23.27  20.04
 -44.6731  -24.1613  -23.53  19.81
 -44.6735  -24.1596  -23.66  19.71
 -44.6747  -24.1587  -23.87  19.51
 -44.6749  -24.1581  -23.14  20.15
 -44.6746  -24.1578  -24.20  19.24
 -44.6732  -24.1577  -25.38  18.15
 -44.6719  -24.1573  -24.73  18.76
 -44.6708  -24.1570  -24.87  18.63
 -44.6710  -24.1564  -23.56  19.78
 -44.6727  -24.1554  -22.14  20.89
 -44.6733  -24.1545  -21.56  21.32
 -44.6736  -24.1543  -24.26  19.18
 -44.6748  -24.1541  -23.96  19.44
 -44.6759  -24.1545  -22.97  20.28
 -44.6777  -24.1543  -22.81  20.41
 -44.6805  -24.1545  -20.76  21.82
 -44.6838  -24.1538  -19.79  22.37
 -44.6863  -24.1539  -19.67  22.43
 -44.6882  -24.1535  -21.73  21.21
 -44.6892  -24.1547  -21.29  21.50
 -44.6891  -24.1550  -24.04  19.37
 -44.6901  -24.1554  -26.76  16.74
 -44.6919  -24.1555  -27.42  16.08
 -44.6933  -24.1558  -27.74  15.75
 -44.6942  -24.1555  -28.53  14.94
 -44.6944  -24.1558  -30.49  13.03
 -44.6938  -24.1558  -31.19  12.43
 -44.6940  -24.1565  -33.84  10.39
 -44.6943  -24.1579  -34.39  10.09
 -44.6961  -24.1590  -32.90  11.07
 -44.6991  -24.1596  -33.31  10.77
 -44.7027  -24.1613  -32.99  10.99
 -44.7060  -24.1624  -32.48  11.38
 -44.7085  -24.1632  -31.97  11.76
 -44.7112  -24.1636  -32.80  11.15
 -44.7138  -24.1644  -31.91  11.80
 -44.7180  -24.1647  -33.31  10.75
 -44.7219  -24.1654  -31.26  12.37
 -44.7247  -24.1662  -32.67  11.22
 -44.7266  -24.1661  -33.87  10.42
 -44.7276  -24.1655  -33.43  10.68
 -44.7273  -24.1638  -34.46  10.06
 -44.7263  -24.1617  -33.93  10.37
 -44.7255  -24.1600  -33.93  10.36
 -44.7261  -24.1585  -35.01   9.76
 -44.7267  -24.1580  -35.45   9.52
 -44.7275  -24.1566  -37.48   8.65
 -44.7272  -24.1550  -37.29   8.74
 -44.7273  -24.1521  -37.18   8.78
 -44.7268  -24.1483  -36.88   8.90
 -44.7281  -24.1446  -37.44   8.67
 -44.7297  -24.1426  -34.42  10.06
 -44.7319  -24.1408  -34.33  10.13
 -44.7346  -24.1393  -35.88   9.31
 -44.7363  -24.1378  -35.01   9.75
 -44.7368  -24.1363  -33.91  10.38
 -44.7374  -24.1343  -32.71  11.20
 -44.7376  -24.1318  -32.23  11.56
 -44.7371  -24.1303  -32.20  11.58
 -44.7364  -24.1297  -33.53  10.62
 -44.7368  -24.1296  -32.19  11.60
 -44.7362  -24.1290  -32.83  11.11
 -44.7345  -24.1275  -32.18  11.60
 -44.7327  -24.1275  -30.79  12.77
 -44.7316  -24.1268  -31.88  11.83
 -44.7292  -24.1261  -31.21  12.39
 -44.7267  -24.1255  -34.22  10.21
 -44.7242  -24.1251  -32.18  11.57
 -44.7218  -24.1247  -35.20   9.64
 -44.7207  -24.1239  -33.38  10.71
 -44.7201  -24.1236  -34.98   9.75
 -44.7195  -24.1237  -35.28   9.60
 -44.7184  -24.1251  -34.00  10.32
 -44.7166  -24.1267  -33.29  10.78
 -44.7143  -24.1273  -32.35  11.46
 -44.7108  -24.1284  -33.33  10.77
 -44.7081  -24.1304  -33.22  10.83
 -44.7058  -24.1328  -34.04  10.31
 -44.7032  -24.1347  -35.40   9.55
 -44.7013  -24.1381  -36.25   9.14
 -44.6987  -24.1421  -36.91   8.88
 -44.6963  -24.1461  -35.53   9.48
 -44.6932  -24.1499  -37.27   8.74
 -44.6902  -24.1524  -35.59   9.45
 -44.6880  -24.1547  -34.35  10.10
 -44.6860  -24.1571  -34.21  10.21
 -44.6849  -24.1589  -34.68   9.91
 -44.6838  -24.1596  -36.69   8.95
 -44.6827  -24.1594  -36.83   8.92
 -44.6820  -24.1593  -35.63   9.43
 -44.6806  -24.1590  -33.66  10.55
 -44.6796  -24.1572  -36.78   8.92
 -44.6780  -24.1551  -35.76   9.37
 -44.6766  -24.1530  -37.54   8.64
 -44.6751  -24.1516  -38.52   8.34
 -44.6730  -24.1497  -39.78   8.01
 -44.6716  -24.1485  -40.08   7.97
 -44.6696  -24.1479  -39.00   8.21
 -44.6677  -24.1470  -39.91   8.00
 -44.6657  -24.1463  -38.94   8.24
 -44.6632  -24.1456  -39.67   8.04
 -44.6610  -24.1445  -39.61   8.07
 -44.6593  -24.1443  -40.97   7.80
 -44.6578  -24.1436  -41.68   7.66
 -44.6572  -24.1429  -41.56   7.67
 -44.6578  -24.1417  -42.79   7.52
 -44.6598  -24.1409  -43.24   7.51
 -44.6608  -24.1393  -42.46   7.59
 -44.6619  -24.1389  -41.31   7.72
 -44.6632  -24.1401  -40.23   7.92
 -44.6653  -24.1411  -39.56   8.08
 -44.6674  -24.1424  -39.02   8.21
 -44.6703  -24.1441  -39.91   8.00
 -44.6730  -24.1453  -38.89   8.25
 -44.6762  -24.1467  -39.61   8.06
 -44.6787  -24.1480  -39.02   8.20
 -44.6813  -24.1495  -39.75   8.03
 -44.6828  -24.1510  -39.51   8.10
 -44.6845  -24.1526  -38.60   8.30
 -44.6863  -24.1528  -41.27   7.75
 -44.6878  -24.1533  -41.38   7.73
 -44.6878  -24.1541  -40.11   7.97
 -44.6885  -24.1557  -39.15   8.19
 -44.6879  -24.1566  -38.69   8.29
 -44.6869  -24.1575  -38.95   8.23
 -44.6855  -24.1590  -39.89   8.00
 -44.6842  -24.1605  -38.96   8.23
 -44.6820  -24.1628  -40.31   7.93
 -44.6801  -24.1653  -40.26   7.91
 -44.6774  -24.1677  -40.95   7.80
 -44.6753  -24.1701  -40.07   7.97
 -44.6730  -24.1709  -39.34   8.13
 -44.6716  -24.1731  -37.91   8.53
 -44.6698  -24.1752  -38.44   8.37
 -44.6681  -24.1771  -39.63   8.07
 -44.6660  -24.1790  -41.18   7.77
 -44.6647  -24.1807  -41.34   7.72
 -44.6637  -24.1822  -40.22   7.92
 -44.6632  -24.1832  -39.63   8.05
 -44.6631  -24.1843  -40.19   7.93
 -44.6629  -24.1842  -40.57   7.85
 -44.6627  -24.1844  -41.69   7.67
 -44.6630  -24.1856  -42.49   7.57
 -44.6629  -24.1850  -43.11   7.49
 -44.6634  -24.1830  -42.93   7.52
 -44.6640  -24.1815  -41.97   7.63
 -44.6661  -24.1800  -42.19   7.59
 -44.6671  -24.1784  -42.84   7.53
 -44.6687  -24.1771  -42.55   7.56
 -44.6690  -24.1753  -42.78   7.54
 -44.6682  -24.1735  -41.38   7.72
 -44.6679  -24.1726  -41.77   7.66
 -44.6673  -24.1720  -43.56   7.47
 -44.6674  -24.1724  -45.07   7.31
 -44.6677  -24.1736  -45.68   7.30
 -44.6672  -24.1757  -46.35   7.25
 -44.6679  -24.1780  -45.35   7.29
 -44.6685  -24.1806  -45.97   7.27
 -44.6690  -24.1827  -44.97   7.33
 -44.6685  -24.1847  -44.60   7.37
 -44.6689  -24.1869  -45.34   7.30
 -44.6695  -24.1888  -46.58   7.23
 -44.6707  -24.1907  -47.67   7.19
 -44.6720  -24.1924  -48.77   7.14
 -44.6726  -24.1932  -47.41   7.20
 -44.6735  -24.1942  -46.64   7.22
 -44.6747  -24.1946  -47.08   7.21
 -44.6749  -24.1956  -47.74   7.18
 -44.6740  -24.1957  -47.82   7.16
 -44.6734  -24.1967  -49.03   7.13
 -44.6717  -24.1973  -49.84   7.11
 -44.6711  -24.1987  -49.81   7.11
 -44.6704  -24.2003  -49.83   7.11
 -44.6699  -24.2030  -49.46   7.12
 -44.6698  -24.2052  -49.19   7.13
 -44.6699  -24.2068  -49.43   7.12
 -44.6710  -24.2071  -49.40   7.12
 -44.6722  -24.2076  -49.59   7.12
 -44.6736  -24.2079  -49.80   7.13
 -44.6753  -24.2093  -50.66   7.08
 -44.6761  -24.2099  -50.33   7.10
 -44.6792  -24.2110  -50.73   7.07
 -44.6821  -24.2104  -51.09   7.09
 -44.6855  -24.2099  -51.31   7.07
 -44.6889  -24.2082  -50.53   7.09
 -44.6919  -24.2071  -51.13   7.08
 -44.6942  -24.2064  -50.72   7.11
 -44.6957  -24.2068  -51.49   7.07
 -44.6969  -24.2081  -51.05   7.09
 -44.6976  -24.2087  -51.39   7.06
 -44.6986  -24.2089  -51.63   7.08
 -44.7002  -24.2093  -50.88   7.10
 -44.7010  -24.2111  -50.85   7.08
 -44.7013  -24.2137  -50.74   7.09
 -44.7017  -24.2163  -50.42   7.11
 -44.7015  -24.2193  -50.96   7.09
 -44.7014  -24.2219  -51.34   7.07
