 Longitude Latitude  Profun. Temp.
 -44.6993  -23.9765  -53.43   7.06
 -44.6990  -23.9805  -54.59   7.03
 -44.6979  -23.9810  -54.60   7.04
 -44.6974  -23.9812  -54.68   7.03
 -44.6974  -23.9824  -54.62   7.03
 -44.6980  -23.9842  -54.48   7.05
 -44.6981  -23.9868  -54.56   7.04
 -44.6983  -23.9890  -54.65   7.04
 -44.6992  -23.9916  -54.70   7.03
 -44.6996  -23.9944  -54.90  -99.00
 -44.7000  -23.9976  -54.99   7.04
 -44.7017  -24.0006  -55.00   7.03
 -44.7029  -24.0047  -55.00   7.03
 -44.7044  -24.0088  -54.97   7.03
 -44.7055  -24.0137  -54.90   7.03
 -44.7060  -24.0162  -54.91   7.04
 -44.7071  -24.0174  -54.83   7.04
 -44.7079  -24.0174  -54.77   7.03
 -44.7086  -24.0173  -54.73   7.04
 -44.7085  -24.0157  -54.52   7.05
 -44.7089  -24.0136  -54.51   7.05
 -44.7096  -24.0117  -54.52   7.03
 -44.7093  -24.0094  -54.61   7.04
 -44.7098  -24.0061  -54.92   7.04
 -44.7098  -24.0031  -54.98   7.02
 -44.7098  -23.9996  -54.89   7.04
 -44.7098  -23.9978  -54.90   7.04
 -44.7084  -23.9966  -54.99   7.04
 -44.7073  -23.9966  -54.85   7.03
 -44.7056  -23.9974  -54.69  -99.00
 -44.7033  -23.9983  -54.82   7.04
 -44.7015  -23.9994  -54.55   7.04
 -44.6998  -24.0003  -54.28   7.03
 -44.6977  -24.0023  -54.30   7.05
 -44.6945  -24.0038  -54.44   7.04
 -44.6918  -24.0058  -54.49   7.04
 -44.6891  -24.0075  -54.76   7.04
 -44.6861  -24.0086  -54.76   7.05
 -44.6849  -24.0090  -54.69   7.03
 -44.6839  -24.0085  -54.78   7.04
 -44.6829  -24.0075  -54.76   7.02
 -44.6829  -24.0075  -54.63   7.03
 -44.6826  -24.0075  -54.35   7.04
 -44.6818  -24.0070  -54.66   7.05
 -44.6823  -24.0045  -54.78   7.01
 -44.6833  -24.0025  -54.90   7.03
 -44.6842  -24.0007  -54.79   7.03
 -44.6852  -23.9991  -54.97   7.03
 -44.6866  -23.9987  -55.00   7.03
 -44.6868  -23.9985  -54.99   7.05
 -44.6872  -23.9984  -54.95   7.03
 -44.6885  -23.9986  -54.87   7.03
 -44.6886  -23.9989  -54.71   7.05
 -44.6878  -23.9984  -54.86   7.05
 -44.6872  -23.9989  -54.70   7.03
 -44.6871  -24.0009  -54.54   7.03
 -44.6870  -24.0022  -54.47   7.04
 -44.6878  -24.0026  -54.28   7.05
 -44.6885  -24.0028  -54.11   7.06
 -44.6880  -24.0019  -54.71   7.03
 -44.6878  -24.0014  -54.87  -99.00
 -44.6866  -24.0016  -54.89   7.03
 -44.6853  -24.0013  -54.88   7.03
 -44.6841  -23.9999  -54.89   7.03
 -44.6845  -23.9992  -54.94   7.05
 -44.6851  -23.9984  -54.81   7.03
 -44.6847  -23.9974  -54.79   7.04
 -44.6838  -23.9972  -54.54   7.04
 -44.6824  -23.9968  -54.74   7.03
 -44.6801  -23.9977  -54.66   7.04
 -44.6791  -23.9984  -54.45   7.04
 -44.6776  -23.9995  -54.13   7.03
 -44.6764  -24.0009  -54.17   7.03
 -44.6753  -24.0020  -54.40   7.05
 -44.6741  -24.0042  -54.13   7.01
 -44.6718  -24.0059  -54.45   7.03
 -44.6693  -24.0074  -54.50   7.04
 -44.6670  -24.0090  -54.81   7.04
 -44.6667  -24.0115  -54.78  -99.00
 -44.6663  -24.0144  -54.75   7.02
 -44.6666  -24.0164  -54.72   7.04
 -44.6662  -24.0196  -54.87   7.04
 -44.6662  -24.0224  -55.00   7.05
 -44.6670  -24.0244  -54.97   7.05
 -44.6663  -24.0274  -54.99   7.02
 -44.6664  -24.0294  -54.97   7.04
 -44.6674  -24.0318  -54.99   7.05
 -44.6686  -24.0341  -54.95   7.02
 -44.6706  -24.0363  -54.66   7.03
 -44.6720  -24.0375  -54.35   7.04
 -44.6734  -24.0393  -54.64   7.03
 -44.6751  -24.0415  -54.55   7.04
 -44.6780  -24.0428  -54.50   7.04
 -44.6813  -24.0431  -54.35   7.05
 -44.6841  -24.0427  -54.23   7.03
 -44.6888  -24.0416  -54.20   7.04
 -44.6926  -24.0406  -53.74   7.05
 -44.6971  -24.0398  -53.45   7.05
 -44.7008  -24.0390  -53.06   7.06
 -44.7036  -24.0381  -53.90   7.07
 -44.7057  -24.0370  -53.47   7.05
 -44.7065  -24.0353  -53.40   7.03
 -44.7067  -24.0330  -53.55   7.03
 -44.7061  -24.0316  -53.67   7.04
 -44.7065  -24.0316  -53.66   7.05
 -44.7080  -24.0326  -53.85   7.06
 -44.7087  -24.0330  -54.16   7.04
 -44.7099  -24.0338  -54.09   7.05
 -44.7096  -24.0338  -54.22   7.03
 -44.7103  -24.0338  -54.52   7.05
 -44.7122  -24.0332  -54.57   7.04
 -44.7145  -24.0330  -53.94   7.02
 -44.7184  -24.0334  -53.89   7.03
 -44.7230  -24.0332  -54.25   7.03
 -44.7277  -24.0328  -54.40   7.04
 -44.7302  -24.0315  -54.47   7.03
 -44.7313  -24.0302  -53.68   7.02
 -44.7332  -24.0291  -53.56   7.04
 -44.7354  -24.0285  -53.71   7.04
 -44.7381  -24.0278  -54.22   7.03
 -44.7398  -24.0270  -54.48   7.04
 -44.7402  -24.0265  -54.01   7.03
 -44.7402  -24.0261  -53.25   7.05
 -44.7406  -24.0244  -53.30   7.05
 -44.7399  -24.0231  -52.87   7.06
 -44.7399  -24.0220  -52.82   7.05
 -44.7403  -24.0214  -53.07   7.04
 -44.7415  -24.0204  -53.55   7.04
 -44.7432  -24.0190  -53.43   7.06
 -44.7450  -24.0172  -52.99   7.06
 -44.7455  -24.0159  -51.64   7.08
 -44.7472  -24.0145  -51.90   7.06
 -44.7490  -24.0138  -51.41   7.09
 -44.7497  -24.0129  -51.41   7.10
 -44.7492  -24.0130  -51.70   7.08
 -44.7500  -24.0131  -50.35   7.10
 -44.7503  -24.0132  -50.16   7.10
 -44.7513  -24.0136  -50.09   7.10
 -44.7518  -24.0135  -48.67   7.13
 -44.7512  -24.0141  -47.88   7.19
 -44.7496  -24.0150  -46.32   7.25
 -44.7492  -24.0162  -45.66   7.27
 -44.7488  -24.0180  -46.82   7.22
 -44.7489  -24.0189  -46.78   7.22
 -44.7500  -24.0206  -45.90   7.25
 -44.7522  -24.0216  -45.90   7.26
 -44.7544  -24.0218  -46.36   7.24
 -44.7559  -24.0216  -47.01   7.19
 -44.7565  -24.0207  -48.58   7.14
 -44.7568  -24.0204  -47.96   7.16
 -44.7575  -24.0201  -46.52   7.23
 -44.7584  -24.0196  -46.11   7.25
 -44.7591  -24.0200  -46.97   7.20
 -44.7585  -24.0203  -47.89   7.17
 -44.7576  -24.0211  -47.56   7.18
 -44.7570  -24.0219  -47.52   7.16
 -44.7558  -24.0230  -48.63   7.11
 -44.7538  -24.0249  -48.36   7.14
 -44.7527  -24.0267  -47.54   7.19
 -44.7522  -24.0282  -47.69   7.20
 -44.7518  -24.0296  -47.88   7.15
 -44.7512  -24.0306  -48.57   7.13
 -44.7510  -24.0314  -48.21   7.16
 -44.7502  -24.0307  -48.53   7.14
 -44.7504  -24.0293  -47.01   7.21
 -44.7497  -24.0274  -45.92   7.27
 -44.7486  -24.0252  -47.81   7.17
 -44.7471  -24.0228  -47.54   7.17
 -44.7446  -24.0209  -47.19   7.21
 -44.7409  -24.0186  -48.10   7.15
 -44.7372  -24.0168  -48.62   7.13
 -44.7338  -24.0152  -49.25   7.12
 -44.7303  -24.0142  -49.68   7.12
 -44.7267  -24.0129  -48.79   7.13
 -44.7229  -24.0126  -48.70   7.15
 -44.7192  -24.0138  -48.61   7.13
 -44.7164  -24.0145  -49.76   7.09
 -44.7141  -24.0137  -49.69   7.10
 -44.7114  -24.0136  -50.35   7.11
 -44.7100  -24.0131  -51.03   7.08
 -44.7093  -24.0131  -51.78   7.07
 -44.7081  -24.0136  -51.97   7.06
 -44.7063  -24.0133  -51.82   7.07
 -44.7046  -24.0130  -52.24   7.09
 -44.7035  -24.0130  -52.74   7.06
 -44.7039  -24.0124  -52.50   7.06
 -44.7032  -24.0108  -52.61   7.06
 -44.7026  -24.0092  -51.02   7.07
 -44.7022  -24.0075  -50.91   7.09
 -44.7023  -24.0048  -50.91   7.07
 -44.7015  -24.0022  -50.27   7.09
 -44.7012  -23.9996  -50.29   7.11
 -44.7013  -23.9966  -51.04   7.08
 -44.7030  -23.9941  -51.23   7.09
 -44.7046  -23.9918  -52.05   7.07
 -44.7050  -23.9891  -52.71   7.05
 -44.7045  -23.9876  -52.71   7.04
 -44.7049  -23.9854  -52.15   7.05
 -44.7044  -23.9838  -51.30   7.08
 -44.7034  -23.9838  -51.85   7.08
 -44.7020  -23.9846  -52.18   7.07
 -44.7016  -23.9849  -52.61   7.07
 -44.7012  -23.9853  -52.29   7.06
 -44.7014  -23.9857  -51.99   7.09
 -44.7014  -23.9856  -52.17  -99.00
 -44.7014  -23.9859  -51.21   7.09
 -44.7017  -23.9865  -51.31   7.09
 -44.7025  -23.9862  -50.03   7.11
 -44.7039  -23.9861  -49.17   7.15
 -44.7058  -23.9865  -47.57   7.18
 -44.7077  -23.9867  -46.00   7.26
 -44.7102  -23.9875  -42.98   7.51
 -44.7131  -23.9884  -43.70   7.43
 -44.7156  -23.9882  -43.46   7.46
 -44.7177  -23.9885  -43.34   7.46
 -44.7192  -23.9883  -42.18   7.61
 -44.7199  -23.9879  -41.75   7.67
 -44.7213  -23.9873  -42.08   7.63
 -44.7227  -23.9867  -42.85   7.55
 -44.7227  -23.9869  -41.61   7.69
 -44.7228  -23.9860  -42.75   7.55
 -44.7219  -23.9846  -43.36   7.46
 -44.7201  -23.9828  -42.71   7.53
 -44.7183  -23.9813  -41.46   7.73
 -44.7172  -23.9816  -40.95   7.79
 -44.7157  -23.9813  -36.99   8.86
 -44.7134  -23.9826  -36.97   8.85
 -44.7119  -23.9837  -38.25   8.41
 -44.7101  -23.9852  -38.22   8.43
 -44.7080  -23.9867  -37.95   8.49
 -44.7073  -23.9878  -37.23   8.75
 -44.7062  -23.9898  -39.12   8.19
 -44.7070  -23.9925  -38.02   8.51
 -44.7083  -23.9957  -38.94   8.22
 -44.7093  -23.9996  -41.23   7.75
 -44.7105  -24.0018  -41.70   7.69
 -44.7114  -24.0039  -45.19   7.29
 -44.7129  -24.0052  -43.64   7.44
 -44.7138  -24.0065  -44.27   7.40
 -44.7143  -24.0074  -45.37   7.30
 -44.7148  -24.0082  -46.19   7.26
 -44.7142  -24.0100  -46.12   7.27
 -44.7138  -24.0111  -48.14   7.14
 -44.7128  -24.0116  -47.37   7.18
 -44.7125  -24.0110  -46.79   7.25
 -44.7118  -24.0108  -46.65   7.22
 -44.7099  -24.0118  -47.77   7.18
 -44.7086  -24.0130  -46.68   7.22
 -44.7078  -24.0140  -46.79   7.22
 -44.7078  -24.0150  -46.20   7.25
 -44.7086  -24.0162  -46.18   7.27
 -44.7084  -24.0176  -44.78   7.34
 -44.7085  -24.0184  -44.42   7.37
 -44.7090  -24.0205  -45.97   7.26
 -44.7086  -24.0230  -45.63   7.29
 -44.7079  -24.0258  -45.56   7.28
 -44.7066  -24.0274  -46.90   7.21
 -44.7054  -24.0283  -46.14   7.26
 -44.7034  -24.0293  -45.08   7.33
 -44.7007  -24.0305  -45.36   7.29
 -44.6981  -24.0323  -44.85   7.33
 -44.6950  -24.0333  -43.33   7.47
 -44.6931  -24.0338  -41.49   7.71
 -44.6916  -24.0338  -41.16   7.76
 -44.6907  -24.0328  -38.61   8.31
 -44.6905  -24.0313  -36.42   9.08
 -44.6903  -24.0291  -36.53   9.02
 -44.6914  -24.0270  -34.13  10.23
 -44.6929  -24.0243  -34.06  10.30
 -44.6948  -24.0218  -32.29  11.53
 -44.6977  -24.0188  -31.72  11.96
 -44.6996  -24.0161  -31.06  12.54
 -44.7014  -24.0146  -31.29  12.32
 -44.7027  -24.0137  -30.38  13.15
 -44.7042  -24.0125  -30.40  13.13
 -44.7053  -24.0106  -29.96  13.52
 -44.7067  -24.0090  -30.14  13.36
 -44.7068  -24.0076  -29.44  14.03
 -44.7061  -24.0067  -29.25  14.22
 -44.7053  -24.0061  -27.04  16.47
 -44.7038  -24.0050  -28.52  14.95
 -44.7024  -24.0040  -30.44  13.07
 -44.7011  -24.0028  -31.44  12.21
 -44.7007  -24.0005  -31.19  12.41
 -44.7012  -23.9991  -30.45  13.07
 -44.7015  -23.9985  -31.74  11.96
 -44.7014  -23.9986  -31.35  12.26
 -44.7008  -23.9987  -31.14  12.46
 -44.7016  -23.9994  -30.98  12.59
 -44.7032  -23.9995  -31.20  12.40
 -44.7047  -23.9997  -30.75  12.81
 -44.7077  -23.9999  -32.31  11.51
 -44.7104  -24.0000  -33.13  10.92
 -44.7142  -23.9984  -32.62  11.26
 -44.7169  -23.9972  -32.65  11.24
 -44.7191  -23.9939  -34.48  10.05
 -44.7182  -23.9914  -34.25  10.18
 -44.7175  -23.9889  -33.72  10.48
 -44.7169  -23.9864  -33.33  10.76
 -44.7159  -23.9837  -33.89  10.39
 -44.7144  -23.9812  -34.43  10.06
