 Longitude Latitude  Profun. Temp.
 -44.6900  -24.0539  -14.60  24.10
 -44.6921  -24.0482  -11.94  24.51
 -44.6937  -24.0466  -11.30  24.56
 -44.6961  -24.0453  -10.88  24.61
 -44.6986  -24.0434  -13.35  24.33
 -44.7009  -24.0414  -13.83  24.24
 -44.7024  -24.0394  -13.52  24.28
 -44.7049  -24.0374  -14.25  24.18
 -44.7076  -24.0361  -15.33  23.95
 -44.7104  -24.0337  -17.10  23.48
 -44.7139  -24.0306  -16.86  23.53
 -44.7174  -24.0268  -15.29  23.97
 -44.7216  -24.0237  -14.30  24.15
 -44.7251  -24.0219  -14.97  24.02
 -44.7276  -24.0202  -13.81  24.23
 -44.7299  -24.0185  -13.69  24.26
 -44.7322  -24.0170  -14.00  24.22
 -44.7350  -24.0163  -13.33  24.32
 -44.7369  -24.0159  -14.60  24.10
 -44.7381  -24.0161  -13.67  24.28
 -44.7385  -24.0173  -14.62  24.09
 -44.7383  -24.0195  -13.29  24.33
 -44.7376  -24.0222  -13.07  24.36
 -44.7351  -24.0254  -14.45  24.12
 -44.7328  -24.0272  -15.97  23.78
 -44.7310  -24.0284  -14.41  24.14
 -44.7289  -24.0301  -17.75  23.23
 -44.7269  -24.0324  -19.75  22.39
 -44.7253  -24.0334  -19.00  22.75
 -44.7242  -24.0347  -20.51  21.97
 -44.7234  -24.0360  -22.13  20.91
 -44.7236  -24.0372  -21.74  21.20
 -44.7237  -24.0391  -21.51  21.35
 -44.7239  -24.0408  -23.08  20.21
 -44.7253  -24.0414  -23.18  20.10
 -44.7265  -24.0430  -21.85  21.12
 -44.7278  -24.0446  -21.06  21.64
 -44.7298  -24.0468  -20.78  21.80
 -44.7312  -24.0480  -20.27  22.10
 -44.7323  -24.0496  -18.07  23.12
 -44.7331  -24.0506  -17.03  23.49
 -44.7335  -24.0517  -16.89  23.55
 -44.7330  -24.0532  -18.32  23.03
 -44.7319  -24.0544  -21.93  21.05
 -44.7302  -24.0553  -22.65  20.51
 -44.7293  -24.0558  -22.97  20.28
 -44.7277  -24.0562  -22.93  20.31
 -44.7251  -24.0575  -21.48  21.37
 -44.7215  -24.0576  -22.07  20.97
 -44.7182  -24.0581  -22.24  20.83
 -44.7148  -24.0590  -23.74  19.62
 -44.7117  -24.0602  -24.72  18.76
 -44.7084  -24.0604  -26.27  17.26
 -44.7055  -24.0600  -27.68  15.82
 -44.7039  -24.0594  -28.48  15.00
 -44.7027  -24.0593  -27.36  16.13
 -44.7011  -24.0595  -26.78  16.73
 -44.7000  -24.0593  -24.09  19.35
 -44.6992  -24.0582  -24.32  19.15
 -44.6989  -24.0577  -24.83  18.67
 -44.6982  -24.0570  -24.09  19.33
 -44.6975  -24.0559  -23.39  19.94
 -44.6963  -24.0550  -22.90  20.35
 -44.6954  -24.0546  -23.50  19.86
 -44.6948  -24.0544  -22.13  20.90
 -44.6934  -24.0540  -24.19  19.24
 -44.6914  -24.0531  -22.53  20.64
 -44.6891  -24.0523  -25.06  18.44
 -44.6869  -24.0523  -25.11  18.39
 -44.6849  -24.0524  -26.56  16.96
 -44.6833  -24.0530  -28.37  15.10
 -44.6829  -24.0543  -27.87  15.62
 -44.6841  -24.0558  -31.59  12.07
 -44.6849  -24.0575  -32.71  11.20
 -44.6851  -24.0596  -29.72  13.75
 -44.6846  -24.0609  -30.27  13.24
 -44.6845  -24.0624  -31.96  11.78
 -44.6860  -24.0635  -33.32  10.77
 -44.6875  -24.0652  -35.25   9.60
 -44.6885  -24.0661  -35.40   9.56
 -44.6897  -24.0665  -32.95  11.03
 -44.6914  -24.0663  -32.66  11.22
 -44.6917  -24.0657  -31.94  11.79
 -44.6911  -24.0648  -32.23  11.55
 -44.6917  -24.0634  -32.96  11.01
 -44.6927  -24.0612  -32.30  11.50
 -44.6937  -24.0590  -30.69  12.86
 -44.6944  -24.0569  -33.39  10.72
 -44.6943  -24.0566  -36.10   9.21
 -44.6935  -24.0561  -35.15   9.68
 -44.6940  -24.0562  -36.32   9.11
 -44.6944  -24.0567  -35.86   9.31
 -44.6946  -24.0579  -37.48   8.68
 -44.6955  -24.0593  -39.03   8.19
 -44.6960  -24.0597  -38.21   8.44
 -44.6969  -24.0600  -39.18   8.17
 -44.6987  -24.0611  -37.21   8.74
 -44.7006  -24.0627  -37.69   8.60
 -44.7024  -24.0638  -36.17   9.17
 -44.7043  -24.0635  -37.57   8.64
 -44.7065  -24.0624  -36.29   9.13
 -44.7089  -24.0609  -36.65   9.00
 -44.7115  -24.0599  -36.94   8.87
 -44.7138  -24.0581  -32.85  11.10
 -44.7153  -24.0557  -31.84  11.87
 -44.7172  -24.0545  -32.31  11.50
 -44.7183  -24.0540  -31.56  12.12
 -44.7194  -24.0533  -30.53  13.00
 -44.7206  -24.0532  -28.82  14.66
 -44.7222  -24.0535  -28.49  14.99
 -44.7238  -24.0546  -29.62  13.87
 -44.7258  -24.0568  -30.72  12.83
 -44.7266  -24.0590  -31.06  12.52
 -44.7276  -24.0606  -32.85  11.08
 -44.7288  -24.0630  -33.55  10.60
 -44.7303  -24.0670  -31.67  12.02
 -44.7323  -24.0698  -30.50  13.02
 -44.7344  -24.0721  -31.56  12.10
 -44.7368  -24.0741  -28.44  15.02
 -44.7393  -24.0758  -26.80  16.70
 -44.7413  -24.0779  -27.64  15.86
 -44.7436  -24.0793  -26.01  17.50
 -44.7446  -24.0797  -27.50  15.99
 -44.7458  -24.0799  -27.03  16.48
 -44.7458  -24.0808  -27.66  15.82
 -44.7454  -24.0812  -28.64  14.82
 -44.7464  -24.0811  -27.46  16.05
 -44.7458  -24.0808  -29.01  14.46
 -44.7444  -24.0806  -29.84  13.67
 -44.7416  -24.0812  -29.43  14.05
 -44.7387  -24.0812  -28.53  14.96
 -44.7355  -24.0812  -28.87  14.60
 -44.7318  -24.0812  -28.04  15.43
 -44.7290  -24.0808  -28.08  15.40
 -44.7252  -24.0793  -29.48  14.00
 -44.7230  -24.0778  -30.43  13.10
 -44.7214  -24.0753  -31.68  12.00
 -44.7192  -24.0713  -31.74  11.94
 -44.7175  -24.0684  -33.65  10.55
 -44.7158  -24.0657  -34.02  10.31
 -44.7148  -24.0623  -34.01  10.32
 -44.7140  -24.0598  -33.25  10.82
 -44.7135  -24.0563  -34.78   9.86
 -44.7126  -24.0528  -37.43   8.67
 -44.7114  -24.0500  -35.72   9.36
 -44.7108  -24.0483  -35.11   9.69
 -44.7095  -24.0472  -35.99   9.27
 -44.7073  -24.0468  -36.20   9.17
 -44.7045  -24.0482  -37.21   8.75
 -44.7024  -24.0485  -37.81   8.57
 -44.7010  -24.0490  -38.72   8.30
 -44.7005  -24.0498  -38.89   8.23
 -44.6998  -24.0496  -39.48   8.08
 -44.6992  -24.0500  -36.79   8.91
 -44.6990  -24.0511  -36.96   8.86
 -44.6997  -24.0524  -37.11   8.81
 -44.7000  -24.0545  -36.74   8.95
 -44.7004  -24.0553  -38.85   8.25
 -44.7011  -24.0553  -39.41   8.12
 -44.7015  -24.0547  -39.80   8.03
 -44.7020  -24.0539  -38.98   8.22
 -44.7017  -24.0528  -40.09   7.96
 -44.7008  -24.0515  -40.23   7.94
 -44.6993  -24.0513  -40.87   7.82
 -44.6973  -24.0512  -41.27   7.74
 -44.6954  -24.0508  -41.36   7.73
 -44.6934  -24.0500  -42.01   7.63
 -44.6920  -24.0484  -41.76   7.65
 -44.6907  -24.0473  -40.87   7.82
 -44.6897  -24.0468  -38.62   8.32
 -44.6893  -24.0464  -39.02   8.21
 -44.6895  -24.0471  -40.26   7.95
 -44.6897  -24.0482  -41.68   7.67
 -44.6895  -24.0492  -41.91   7.63
 -44.6900  -24.0481  -40.06   7.97
 -44.6911  -24.0468  -41.35   7.74
 -44.6918  -24.0450  -41.89   7.65
 -44.6912  -24.0440  -41.89   7.65
 -44.6922  -24.0430  -41.52   7.70
 -44.6921  -24.0417  -42.52   7.57
 -44.6915  -24.0405  -43.09   7.51
 -44.6912  -24.0397  -42.80   7.52
 -44.6893  -24.0390  -42.91   7.52
 -44.6881  -24.0387  -44.37   7.38
 -44.6874  -24.0382  -45.13   7.33
 -44.6872  -24.0384  -44.81   7.34
 -44.6878  -24.0379  -43.82   7.42
 -44.6890  -24.0367  -45.33   7.32
 -44.6915  -24.0350  -44.62   7.35
 -44.6925  -24.0334  -44.37   7.36
 -44.6939  -24.0316  -45.37   7.29
 -44.6952  -24.0298  -46.28   7.25
 -44.6969  -24.0274  -45.86   7.28
 -44.6986  -24.0246  -46.29   7.25
 -44.7003  -24.0212  -45.72   7.26
 -44.7022  -24.0179  -45.46   7.31
 -44.7029  -24.0153  -44.32   7.36
 -44.7033  -24.0145  -44.22   7.39
 -44.7025  -24.0147  -44.15   7.40
 -44.7000  -24.0148  -44.54   7.35
 -44.6975  -24.0153  -46.12   7.25
 -44.6962  -24.0159  -47.12   7.20
 -44.6961  -24.0171  -46.99   7.21
 -44.6954  -24.0185  -46.23   7.23
 -44.6957  -24.0196  -46.71   7.22
 -44.6961  -24.0204  -46.72   7.21
 -44.6962  -24.0204  -47.00   7.21
 -44.6966  -24.0204  -47.66   7.16
 -44.6967  -24.0189  -46.16   7.27
 -44.6980  -24.0168  -46.15   7.24
 -44.7002  -24.0155  -46.45   7.24
 -44.7027  -24.0131  -47.13   7.20
 -44.7045  -24.0112  -46.89   7.21
 -44.7072  -24.0080  -45.94   7.26
 -44.7102  -24.0060  -45.10   7.33
 -44.7125  -24.0042  -45.51   7.29
 -44.7145  -24.0021  -45.32   7.29
 -44.7165  -24.0008  -47.20   7.19
 -44.7180  -23.9994  -47.35   7.19
 -44.7192  -23.9987  -47.97   7.16
 -44.7203  -23.9981  -47.48   7.18
 -44.7222  -23.9969  -46.57   7.22
 -44.7234  -23.9956  -47.05   7.19
 -44.7247  -23.9942  -46.73   7.21
 -44.7239  -23.9926  -45.96   7.27
 -44.7220  -23.9901  -45.65   7.28
 -44.7193  -23.9870  -47.22   7.21
 -44.7168  -23.9848  -49.11   7.13
 -44.7141  -23.9827  -50.45   7.11
 -44.7122  -23.9808  -50.85   7.07
 -44.7099  -23.9780  -52.09   7.06
 -44.7079  -23.9756  -51.41   7.07
 -44.7053  -23.9738  -51.65   7.07
 -44.7032  -23.9726  -51.87   7.06
 -44.7018  -23.9711  -51.67   7.08
 -44.7011  -23.9700  -50.92   7.09
 -44.7011  -23.9687  -50.91   7.10
 -44.7017  -23.9688  -51.52   7.07
 -44.7024  -23.9681  -50.86   7.10
 -44.7023  -23.9679  -51.83   7.06
 -44.7020  -23.9676  -52.77   7.05
 -44.7020  -23.9678  -52.61   7.07
 -44.7017  -23.9682  -53.02   7.06
 -44.7018  -23.9682  -53.12  -99.00
 -44.7018  -23.9690  -54.05   7.03
 -44.7012  -23.9689  -53.43   7.03
 -44.7001  -23.9689  -53.75   7.05
 -44.6991  -23.9688  -54.44   7.03
 -44.6983  -23.9674  -53.96  -99.00
 -44.6983  -23.9664  -54.06   7.06
 -44.6987  -23.9654  -53.95   7.05
 -44.6991  -23.9633  -53.77   7.04
 -44.6995  -23.9611  -53.44   7.04
 -44.7003  -23.9595  -53.29   7.04
 -44.7015  -23.9580  -53.55   7.06
 -44.7027  -23.9554  -54.16   7.04
 -44.7033  -23.9536  -54.56   7.04
 -44.7045  -23.9511  -54.29   7.04
 -44.7059  -23.9480  -54.21   7.05
 -44.7074  -23.9457  -53.45   7.06
 -44.7081  -23.9431  -53.28   7.04
 -44.7097  -23.9403  -52.22   7.06
 -44.7122  -23.9389  -52.98   7.05
 -44.7142  -23.9382  -52.87   7.05
 -44.7164  -23.9367  -52.85   7.04
 -44.7181  -23.9348  -52.89   7.06
 -44.7192  -23.9327  -53.23   7.06
 -44.7209  -23.9314  -52.87   7.06
 -44.7214  -23.9304  -52.24   7.05
 -44.7216  -23.9293  -52.34   7.07
 -44.7222  -23.9282  -51.52   7.08
 -44.7228  -23.9277  -51.79   7.07
 -44.7237  -23.9278  -52.16   7.07
 -44.7235  -23.9271  -51.50   7.07
 -44.7239  -23.9270  -52.08   7.07
 -44.7238  -23.9270  -51.32   7.08
 -44.7234  -23.9273  -52.37   7.06
 -44.7236  -23.9283  -52.65   7.05
 -44.7231  -23.9283  -51.75   7.08
 -44.7233  -23.9285  -50.62   7.09
 -44.7236  -23.9298  -49.73   7.10
 -44.7233  -23.9307  -50.32   7.08
 -44.7227  -23.9310  -52.08   7.06
 -44.7210  -23.9294  -52.59   7.06
 -44.7198  -23.9284  -52.86   7.05
 -44.7178  -23.9272  -53.24   7.05
 -44.7160  -23.9263  -52.88   7.04
 -44.7140  -23.9255  -52.80   7.07
 -44.7116  -23.9246  -52.81   7.07
 -44.7107  -23.9235  -52.78   7.06
 -44.7103  -23.9212  -52.93   7.06
 -44.7096  -23.9194  -53.07   7.08
 -44.7088  -23.9180  -53.40   7.05
 -44.7076  -23.9169  -53.35   7.07
 -44.7075  -23.9172  -53.22   7.04
 -44.7065  -23.9175  -52.98   7.05
 -44.7051  -23.9296  -53.18   7.04
 -44.7033  -23.9414  -53.09   7.05
 -44.7019  -23.9529  -53.24   7.05
 -44.7010  -23.9644  -53.34   7.06
 -44.6993  -23.9765  -53.43   7.06
