 Longitude Latitude  Profun. Temp.
 -44.7038  -24.3366    0.00  24.96
 -44.7086  -24.3312   -0.65  24.97
 -44.7101  -24.3296   -0.32  24.96
 -44.7121  -24.3286   -0.15  24.96
 -44.7145  -24.3279    0.00  24.96
 -44.7171  -24.3270    0.00  24.96
 -44.7196  -24.3264    0.00  24.96
 -44.7218  -24.3264    0.00  24.97
 -44.7229  -24.3262    0.00  24.97
 -44.7243  -24.3246    0.00  24.95
 -44.7262  -24.3231    0.00  24.97
 -44.7282  -24.3226    0.00  24.95
 -44.7293  -24.3211    0.00  24.97
 -44.7300  -24.3196    0.00  24.98
 -44.7301  -24.3176    0.00  24.97
 -44.7300  -24.3159    0.00  24.97
 -44.7295  -24.3142    0.00  24.98
 -44.7288  -24.3124   99.00  24.96
 -44.7275  -24.3116    0.00  24.96
 -44.7265  -24.3107    0.00  24.99
 -44.7241  -24.3109    0.00  24.97
 -44.7206  -24.3107    0.00  24.96
 -44.7162  -24.3099    0.00  24.96
 -44.7124  -24.3097    0.00  24.98
 -44.7091  -24.3104    0.00  24.97
 -44.7066  -24.3105    0.00  24.95
 -44.7040  -24.3105    0.00  24.97
 -44.7018  -24.3105    0.00  24.97
 -44.6992  -24.3098    0.00  24.98
 -44.6975  -24.3085    0.00  24.96
 -44.6963  -24.3064    0.00  24.96
 -44.6951  -24.3049    0.00  24.96
 -44.6935  -24.3038    0.00  24.99
 -44.6931  -24.3031    0.00  24.96
 -44.6912  -24.3019   99.00  24.98
 -44.6895  -24.3004    0.00  24.95
 -44.6880  -24.2998    0.00  24.96
 -44.6869  -24.2982   99.00  24.98
 -44.6848  -24.2966    0.00  24.98
 -44.6830  -24.2954    0.00  24.96
 -44.6816  -24.2954    0.00  24.97
 -44.6808  -24.2957    0.00  24.96
 -44.6812  -24.2955    0.00  -99.00
 -44.6828  -24.2958   99.00  24.96
 -44.6846  -24.2971    0.00  24.98
 -44.6877  -24.2989    0.00  24.96
 -44.6908  -24.3011    0.00  24.96
 -44.6929  -24.3025    0.00  24.96
 -44.6940  -24.3051    0.00  24.96
 -44.6962  -24.3081    0.00  24.97
 -44.6991  -24.3103    0.00  24.97
 -44.7025  -24.3120   99.00  24.97
 -44.7068  -24.3147    0.00  24.97
 -44.7112  -24.3171    0.00  24.97
 -44.7155  -24.3186    0.00  24.97
 -44.7193  -24.3193    0.00  24.97
 -44.7230  -24.3200    0.00  24.96
 -44.7256  -24.3210    0.00  24.98
 -44.7278  -24.3226    0.00  24.98
 -44.7307  -24.3236    0.00  24.98
 -44.7326  -24.3243    0.00  24.96
 -44.7335  -24.3249    0.00  24.97
 -44.7339  -24.3251    0.00  24.95
 -44.7335  -24.3249    0.00  24.97
 -44.7319  -24.3257    0.00  24.97
 -44.7293  -24.3269    0.00  24.96
 -44.7266  -24.3285    0.00  24.97
 -44.7234  -24.3305    0.00  24.97
 -44.7214  -24.3312    0.00  24.98
 -44.7203  -24.3317    0.00  24.95
 -44.7188  -24.3321    0.00  24.96
 -44.7173  -24.3324    0.00  24.96
 -44.7163  -24.3329    0.00  24.96
 -44.7143  -24.3335    0.00  24.97
 -44.7116  -24.3340    0.00  24.95
 -44.7095  -24.3340    0.00  24.97
 -44.7075  -24.3341    0.00  24.97
 -44.7060  -24.3335    0.00  24.97
 -44.7039  -24.3327    0.00  24.97
 -44.7008  -24.3321    0.00  24.96
 -44.6977  -24.3314    0.00  24.97
 -44.6950  -24.3307    0.00  24.96
 -44.6937  -24.3297    0.00  24.95
 -44.6926  -24.3288    0.00  24.97
 -44.6917  -24.3272    0.00  25.00
 -44.6912  -24.3251   99.00  24.97
 -44.6901  -24.3223    0.00  -99.00
 -44.6901  -24.3185    0.00  24.97
 -44.6906  -24.3144    0.00  24.97
 -44.6929  -24.3101    0.00  24.96
 -44.6964  -24.3068    0.00  24.96
 -44.6984  -24.3029    0.00  24.96
 -44.7001  -24.2993    0.00  24.96
 -44.7009  -24.2961    0.00  24.97
 -44.7009  -24.2944    0.00  24.96
 -44.7012  -24.2937    0.00  24.97
 -44.7012  -24.2932    0.00  24.97
 -44.7012  -24.2938    0.00  24.96
 -44.7004  -24.2946    0.00  24.98
 -44.6993  -24.2960    0.00  24.96
 -44.6966  -24.2971    0.00  24.97
 -44.6938  -24.2982    0.00  24.96
 -44.6916  -24.2997    0.00  24.98
 -44.6890  -24.3010    0.00  24.97
 -44.6860  -24.3017    0.00  24.96
 -44.6838  -24.3023    0.00  24.98
 -44.6814  -24.3019    0.00  24.96
 -44.6785  -24.3013    0.00  24.98
 -44.6758  -24.2996    0.00  24.95
 -44.6731  -24.2977    0.00  24.96
 -44.6698  -24.2956    0.00  24.96
 -44.6679  -24.2937    0.00  24.96
 -44.6653  -24.2918    0.00  24.96
 -44.6632  -24.2901    0.00  24.98
 -44.6625  -24.2885    0.00  24.95
 -44.6615  -24.2866    0.00  24.97
 -44.6603  -24.2836    0.00  24.98
 -44.6591  -24.2810    0.00  24.96
 -44.6592  -24.2787    0.00  24.97
 -44.6593  -24.2764    0.00  24.98
 -44.6586  -24.2740    0.00  24.96
 -44.6578  -24.2716    0.00  24.94
 -44.6557  -24.2697    0.00  24.94
 -44.6529  -24.2668    0.00  24.99
 -44.6501  -24.2649    0.00  24.96
 -44.6472  -24.2633    0.00  24.99
 -44.6449  -24.2625    0.00  24.97
 -44.6417  -24.2622   99.00  -99.00
 -44.6392  -24.2626    0.00  24.96
 -44.6363  -24.2636    0.00  24.95
 -44.6340  -24.2653    0.00  24.97
 -44.6318  -24.2677    0.00  24.97
 -44.6305  -24.2701    0.00  24.94
 -44.6306  -24.2710   -0.86  24.97
 -44.6316  -24.2719   -2.89  24.93
 -44.6326  -24.2719   -1.69  24.94
 -44.6335  -24.2714   -1.66  24.94
 -44.6344  -24.2700   -2.73  24.94
 -44.6373  -24.2682   -2.85  24.93
 -44.6393  -24.2662   -0.85  24.96
 -44.6417  -24.2627   -1.26  24.95
 -44.6445  -24.2594    0.00  24.95
 -44.6477  -24.2556    0.00  24.97
 -44.6506  -24.2507    0.00  24.97
 -44.6531  -24.2473    0.00  24.99
 -44.6550  -24.2439    0.00  24.96
 -44.6563  -24.2409    0.00  24.98
 -44.6579  -24.2382    0.00  24.96
 -44.6603  -24.2360    0.00  24.94
 -44.6621  -24.2337    0.00  24.98
 -44.6639  -24.2307    0.00  24.95
 -44.6643  -24.2296    0.00  24.97
 -44.6628  -24.2276    0.00  24.98
 -44.6624  -24.2259    0.00  24.97
 -44.6619  -24.2250    0.00  24.95
 -44.6613  -24.2241    0.00  24.96
 -44.6603  -24.2240    0.00  24.97
 -44.6599  -24.2236    0.00  24.98
 -44.6583  -24.2234    0.00  24.96
 -44.6554  -24.2236    0.00  24.95
 -44.6532  -24.2236   99.00  24.97
 -44.6509  -24.2228    0.00  24.96
 -44.6480  -24.2215    0.00  24.97
 -44.6461  -24.2205    0.00  24.97
 -44.6442  -24.2194    0.00  24.97
 -44.6425  -24.2186    0.00  24.98
 -44.6408  -24.2179    0.00  24.96
 -44.6407  -24.2175    0.00  24.95
 -44.6404  -24.2175    0.00  24.94
 -44.6412  -24.2170    0.00  24.96
 -44.6424  -24.2167   99.00  24.98
 -44.6427  -24.2172    0.00  24.97
 -44.6430  -24.2186    0.00  24.96
 -44.6451  -24.2195    0.00  24.96
 -44.6473  -24.2210    0.00  24.98
 -44.6487  -24.2236    0.00  24.98
 -44.6500  -24.2261    0.00  -99.00
 -44.6509  -24.2284    0.00  24.95
 -44.6519  -24.2295    0.00  24.97
 -44.6529  -24.2288    0.00  24.96
 -44.6534  -24.2287   -0.88  24.95
 -44.6547  -24.2297    0.00  24.97
 -44.6559  -24.2300   99.00  24.97
 -44.6577  -24.2305   -0.49  24.96
 -44.6590  -24.2315    0.00  24.96
 -44.6612  -24.2323    0.00  24.98
 -44.6634  -24.2324    0.00  24.97
 -44.6652  -24.2328    0.00  24.98
 -44.6666  -24.2334    0.00  24.96
 -44.6683  -24.2345    0.00  24.95
 -44.6696  -24.2361   99.00  24.96
 -44.6709  -24.2380    0.00  24.98
 -44.6712  -24.2389    0.00  24.96
 -44.6717  -24.2403    0.00  24.97
 -44.6715  -24.2409    0.00  24.96
 -44.6712  -24.2420    0.00  24.95
 -44.6707  -24.2430   -0.75  24.95
 -44.6699  -24.2437   -2.55  24.94
 -44.6689  -24.2446   -3.01  24.92
 -44.6679  -24.2442   -1.73  24.95
 -44.6652  -24.2448   -2.54  24.94
 -44.6623  -24.2450   -4.00  24.89
 -44.6598  -24.2445   -3.97  24.93
 -44.6574  -24.2437   -4.75  24.91
 -44.6551  -24.2427   -6.59  24.85
 -44.6531  -24.2427   -5.71  24.87
 -44.6512  -24.2420   -4.65  24.90
 -44.6484  -24.2410   -4.15  24.92
 -44.6460  -24.2396   -2.52  24.95
 -44.6444  -24.2380   -2.65  24.94
 -44.6440  -24.2376   -2.37  24.93
 -44.6439  -24.2357   -1.39  24.95
 -44.6448  -24.2354   -3.91  24.91
 -44.6449  -24.2349   -5.01  24.89
 -44.6458  -24.2341   -3.77  24.91
 -44.6470  -24.2335   -5.36  24.88
 -44.6483  -24.2335   -5.42  24.90
 -44.6500  -24.2334   -6.44  24.86
 -44.6521  -24.2327   -5.56  24.88
 -44.6549  -24.2320   -4.87  24.90
 -44.6572  -24.2309   -4.64  24.90
 -44.6590  -24.2293   -4.97  24.90
 -44.6606  -24.2270   -4.20  24.89
 -44.6621  -24.2230   -4.26  24.90
 -44.6637  -24.2185   -3.00  24.93
 -44.6646  -24.2138   -3.53  24.91
 -44.6649  -24.2089   -3.77  24.92
 -44.6652  -24.2030   -3.23  24.93
 -44.6654  -24.1968   -2.21  24.94
 -44.6648  -24.1913   -2.59  24.93
 -44.6640  -24.1869   -2.63  24.93
 -44.6637  -24.1832   -2.57  24.93
 -44.6629  -24.1803   -2.58  24.93
 -44.6626  -24.1784   -2.38  24.94
 -44.6614  -24.1778   -2.95  24.93
 -44.6603  -24.1783   -3.02  24.93
 -44.6584  -24.1787   -3.40  24.92
 -44.6559  -24.1795   -4.52  24.90
 -44.6529  -24.1797   -5.36  24.89
 -44.6504  -24.1798   -7.14  24.83
 -44.6481  -24.1801   -6.74  24.85
 -44.6455  -24.1793   -7.22  24.82
 -44.6432  -24.1785   -6.18  24.86
 -44.6411  -24.1771   -4.79  24.90
 -44.6379  -24.1755   -2.61  24.94
 -44.6354  -24.1743   -2.92  24.94
 -44.6333  -24.1725   -3.87  24.92
 -44.6316  -24.1715   -4.67  24.92
 -44.6316  -24.1709   -6.13  24.87
 -44.6314  -24.1713   -7.71  24.81
 -44.6304  -24.1725   -7.22  24.82
 -44.6306  -24.1738   -5.66  24.88
 -44.6304  -24.1759   -4.31  24.92
 -44.6287  -24.1774   -6.08  24.88
 -44.6276  -24.1785   -6.81  24.84
 -44.6278  -24.1796   -6.53  24.85
 -44.6276  -24.1797   -6.43  24.87
 -44.6279  -24.1791   -7.13  24.82
 -44.6287  -24.1780   -8.11  24.78
 -44.6289  -24.1764   -8.06  24.78
 -44.6296  -24.1748   -8.55  24.76
 -44.6307  -24.1724  -10.04  24.66
 -44.6310  -24.1703   -9.44  24.72
 -44.6315  -24.1675   -8.95  24.73
 -44.6331  -24.1650   -8.49  24.77
 -44.6341  -24.1623   -7.76  24.80
 -44.6362  -24.1601   -6.80  24.84
 -44.6386  -24.1582   -5.31  24.89
 -44.6403  -24.1572   -4.15  24.92
 -44.6416  -24.1561   -4.72  24.88
 -44.6424  -24.1549   -2.85  24.93
 -44.6428  -24.1537   -1.73  24.94
 -44.6428  -24.1527   -2.59  24.94
 -44.6426  -24.1519   -2.77  24.92
 -44.6431  -24.1513   -3.99  24.91
 -44.6432  -24.1509   -7.06  24.83
 -44.6432  -24.1506   -6.78  24.85
 -44.6432  -24.1505   -5.69  24.89
 -44.6437  -24.1518   -5.36  24.88
 -44.6439  -24.1521   -4.25  24.92
 -44.6450  -24.1526   -2.42  24.93
 -44.6466  -24.1529   -3.06  24.93
 -44.6486  -24.1527   -4.54  24.90
 -44.6499  -24.1530   -5.95  24.86
 -44.6523  -24.1537   -4.88  24.91
 -44.6541  -24.1541   -5.04  24.89
 -44.6565  -24.1542   -5.96  24.86
 -44.6600  -24.1549   -5.72  24.88
 -44.6633  -24.1564   -5.57  24.89
 -44.6668  -24.1567   -5.04  24.89
 -44.6711  -24.1579   -5.26  24.89
 -44.6751  -24.1583   -4.72  24.89
 -44.6788  -24.1578   -4.59  24.91
 -44.6827  -24.1571   -5.50  24.88
 -44.6872  -24.1552   -4.99  24.90
 -44.6907  -24.1530   -5.55  24.89
 -44.6945  -24.1693   -6.12  24.88
 -44.6978  -24.1858   -7.48  24.81
 -44.7000  -24.2021   -8.97  24.75
 -44.7016  -24.2173   -9.25  24.71
 -44.7024  -24.2326   -8.84  24.75
