 Longitude Latitude  Profun. Temp.
 -44.6983  -23.9514    0.00  24.96
 -44.7077  -23.9505    0.00  24.96
 -44.7105  -23.9508    0.00  24.97
 -44.7129  -23.9516    0.00  24.97
 -44.7152  -23.9519    0.00  24.98
 -44.7173  -23.9522    0.00  -99.00
 -44.7196  -23.9528    0.00  24.96
 -44.7217  -23.9530    0.00  24.96
 -44.7241  -23.9528    0.00  24.96
 -44.7265  -23.9526   99.00  24.98
 -44.7273  -23.9527    0.00  24.97
 -44.7294  -23.9524    0.00  24.96
 -44.7318  -23.9517    0.00  -99.00
 -44.7330  -23.9499    0.00  -99.00
 -44.7343  -23.9478    0.00  24.96
 -44.7359  -23.9458    0.00  24.96
 -44.7376  -23.9443    0.00  24.96
 -44.7390  -23.9423    0.00  24.97
 -44.7402  -23.9409    0.00  24.96
 -44.7393  -23.9403    0.00  24.95
 -44.7388  -23.9400    0.00  24.98
 -44.7389  -23.9396    0.00  24.97
 -44.7383  -23.9390    0.00  24.95
 -44.7378  -23.9377    0.00  24.95
 -44.7373  -23.9376    0.00  24.99
 -44.7374  -23.9375    0.00  24.96
 -44.7366  -23.9375    0.00  24.97
 -44.7365  -23.9373    0.00  24.97
 -44.7361  -23.9372    0.00  24.97
 -44.7359  -23.9362    0.00  24.96
 -44.7366  -23.9338    0.00  24.97
 -44.7354  -23.9315    0.00  24.95
 -44.7336  -23.9295    0.00  24.96
 -44.7311  -23.9283   99.00  24.97
 -44.7293  -23.9278    0.00  24.97
 -44.7287  -23.9271    0.00  24.95
 -44.7280  -23.9264    0.00  24.95
 -44.7278  -23.9259    0.00  24.98
 -44.7272  -23.9254    0.00  24.98
 -44.7272  -23.9246    0.00  24.95
 -44.7269  -23.9253    0.00  24.96
 -44.7269  -23.9268    0.00  24.97
 -44.7281  -23.9282    0.00  24.96
 -44.7292  -23.9298    0.00  -99.00
 -44.7312  -23.9313    0.00  24.97
 -44.7335  -23.9326    0.00  24.96
 -44.7337  -23.9335    0.00  24.96
 -44.7334  -23.9342    0.00  24.95
 -44.7340  -23.9356    0.00  24.98
 -44.7336  -23.9376    0.00  24.96
 -44.7326  -23.9407    0.00  24.95
 -44.7321  -23.9432    0.00  24.96
 -44.7316  -23.9457    0.00  24.98
 -44.7309  -23.9479   99.00  24.97
 -44.7305  -23.9493    0.00  24.99
 -44.7286  -23.9498    0.00  24.96
 -44.7254  -23.9503    0.00  24.96
 -44.7239  -23.9508    0.00  24.97
 -44.7224  -23.9512    0.00  24.98
 -44.7206  -23.9497    0.00  24.95
 -44.7203  -23.9472    0.00  -99.00
 -44.7208  -23.9442    0.00  24.99
 -44.7216  -23.9411    0.00  24.97
 -44.7219  -23.9381    0.00  24.96
 -44.7229  -23.9354    0.00  24.96
 -44.7243  -23.9333   99.00  24.97
 -44.7259  -23.9317    0.00  24.98
 -44.7277  -23.9301   99.00  24.96
 -44.7300  -23.9290    0.00  -99.00
 -44.7330  -23.9278    0.00  24.94
 -44.7357  -23.9276    0.00  24.97
 -44.7373  -23.9269    0.00  24.96
 -44.7387  -23.9264    0.00  24.95
 -44.7393  -23.9250    0.00  24.97
 -44.7400  -23.9225    0.00  24.98
 -44.7405  -23.9203    0.00  24.96
 -44.7411  -23.9182    0.00  24.95
 -44.7432  -23.9161    0.00  24.96
 -44.7447  -23.9135    0.00  24.97
 -44.7458  -23.9105    0.00  24.97
 -44.7468  -23.9080    0.00  24.96
 -44.7468  -23.9058    0.00  24.96
 -44.7463  -23.9035    0.00  24.97
 -44.7461  -23.9010    0.00  24.99
 -44.7457  -23.8995    0.00  24.98
 -44.7462  -23.8990    0.00  24.96
 -44.7466  -23.9001    0.00  24.96
 -44.7468  -23.9010    0.00  24.96
 -44.7462  -23.9019    0.00  24.97
 -44.7475  -23.9029    0.00  24.97
 -44.7478  -23.9040    0.00  24.96
 -44.7486  -23.9048    0.00  24.95
 -44.7493  -23.9055    0.00  24.96
 -44.7512  -23.9068    0.00  24.96
 -44.7528  -23.9083    0.00  24.96
 -44.7541  -23.9089    0.00  24.97
 -44.7549  -23.9100    0.00  24.97
 -44.7549  -23.9096    0.00  24.97
 -44.7554  -23.9101    0.00  24.96
 -44.7569  -23.9109    0.00  24.96
 -44.7572  -23.9123    0.00  24.98
 -44.7581  -23.9144    0.00  24.96
 -44.7570  -23.9163    0.00  -99.00
 -44.7566  -23.9184    0.00  24.97
 -44.7562  -23.9212    0.00  24.97
 -44.7558  -23.9239    0.00  24.96
 -44.7554  -23.9267    0.00  24.96
 -44.7555  -23.9287    0.00  24.99
 -44.7576  -23.9306    0.00  24.97
 -44.7587  -23.9310    0.00  24.98
 -44.7596  -23.9313    0.00  24.95
 -44.7608  -23.9313    0.00  24.97
 -44.7625  -23.9308    0.00  24.95
 -44.7659  -23.9306    0.00  24.96
 -44.7702  -23.9302    0.00  24.96
 -44.7734  -23.9292    0.00  24.95
 -44.7765  -23.9274    0.00  24.97
 -44.7800  -23.9260    0.00  24.97
 -44.7838  -23.9245    0.00  24.95
 -44.7850  -23.9240    0.00  24.96
 -44.7864  -23.9230    0.00  -99.00
 -44.7873  -23.9221    0.00  24.96
 -44.7884  -23.9217    0.00  24.96
 -44.7889  -23.9207    0.00  24.95
 -44.7890  -23.9192    0.00  24.96
 -44.7887  -23.9185    0.00  24.96
 -44.7887  -23.9179    0.00  24.97
 -44.7889  -23.9183    0.00  24.96
 -44.7896  -23.9188    0.00  24.96
 -44.7899  -23.9196    0.00  24.96
 -44.7910  -23.9201   99.00  -99.00
 -44.7924  -23.9215    0.00  24.97
 -44.7937  -23.9223    0.00  24.99
 -44.7942  -23.9230    0.00  24.96
 -44.7951  -23.9243    0.00  24.96
 -44.7967  -23.9267    0.00  24.96
 -44.7975  -23.9291    0.00  24.95
 -44.7984  -23.9311    0.00  24.96
 -44.7989  -23.9320    0.00  24.97
 -44.7996  -23.9329   99.00  24.98
 -44.7997  -23.9336    0.00  24.96
 -44.7990  -23.9339    0.00  24.96
 -44.7985  -23.9346    0.00  24.98
 -44.7980  -23.9357    0.00  24.95
 -44.7971  -23.9365    0.00  24.97
 -44.7956  -23.9374    0.00  24.97
 -44.7929  -23.9376    0.00  24.96
 -44.7903  -23.9369    0.00  24.95
 -44.7884  -23.9366   99.00  24.97
 -44.7864  -23.9371    0.00  24.97
 -44.7834  -23.9373    0.00  24.97
 -44.7805  -23.9370    0.00  24.97
 -44.7788  -23.9363    0.00  24.97
 -44.7766  -23.9352   99.00  24.96
 -44.7739  -23.9333    0.00  -99.00
 -44.7722  -23.9320   -0.53  24.94
 -44.7712  -23.9309    0.00  24.98
 -44.7711  -23.9303    0.00  24.97
 -44.7711  -23.9297    0.00  24.95
 -44.7699  -23.9287    0.00  -99.00
 -44.7688  -23.9274    0.00  24.96
 -44.7684  -23.9257    0.00  24.98
 -44.7695  -23.9251    0.00  24.97
 -44.7716  -23.9246    0.00  24.96
 -44.7730  -23.9248    0.00  24.96
 -44.7746  -23.9255    0.00  24.97
 -44.7754  -23.9253   -0.08  24.97
 -44.7751  -23.9233    0.00  24.96
 -44.7745  -23.9211    0.00  24.96
 -44.7747  -23.9190    0.00  24.96
 -44.7760  -23.9170    0.00  24.97
 -44.7773  -23.9149    0.00  -99.00
 -44.7781  -23.9133    0.00  24.97
 -44.7774  -23.9117    0.00  24.96
 -44.7760  -23.9100   99.00  24.98
 -44.7754  -23.9078    0.00  24.94
 -44.7754  -23.9062   -1.02  24.92
 -44.7770  -23.9042   -2.07  24.95
 -44.7787  -23.9024   -2.38  24.95
 -44.7814  -23.9006   -3.23  24.93
 -44.7833  -23.8997   -3.95  24.92
 -44.7848  -23.8985   -3.82  24.91
 -44.7861  -23.8969   -5.79  24.86
 -44.7880  -23.8955   -7.14  24.82
 -44.7902  -23.8938   -6.90  24.84
 -44.7927  -23.8925   -3.61  24.93
 -44.7955  -23.8908   -3.60  24.93
 -44.7978  -23.8885   -5.08  24.87
 -44.7989  -23.8865   -6.63  24.84
 -44.7993  -23.8856   -5.04  24.89
 -44.7991  -23.8840   -4.88  24.89
 -44.7994  -23.8814   -5.50  24.88
 -44.8001  -23.8785   -5.71  24.86
 -44.8011  -23.8757   -6.43  24.84
 -44.8006  -23.8724   -4.49  24.91
 -44.8000  -23.8689   -3.48  24.92
 -44.7985  -23.8655   -4.56  24.91
 -44.7965  -23.8628   -4.43  24.91
 -44.7943  -23.8605   -4.15  24.93
 -44.7928  -23.8589   -6.03  24.86
 -44.7927  -23.8564   -5.46  24.87
 -44.7924  -23.8539   -6.03  24.87
 -44.7926  -23.8523   -7.10  24.85
 -44.7921  -23.8500   -8.49  24.77
 -44.7915  -23.8481   -8.56  24.76
 -44.7923  -23.8459   -7.96  24.79
 -44.7928  -23.8438   -9.00  24.73
 -44.7935  -23.8420   -7.51  24.82
 -44.7941  -23.8396   -6.38  24.84
 -44.7954  -23.8373   -6.33  24.87
 -44.7955  -23.8356   -7.59  24.82
 -44.7952  -23.8340   -8.30  24.77
 -44.7957  -23.8326   -5.91  24.88
 -44.7956  -23.8306   -4.15  24.92
 -44.7972  -23.8302   -3.88  24.92
 -44.7993  -23.8294   -3.82  24.92
 -44.8010  -23.8287   -6.10  24.89
 -44.8020  -23.8282   -6.67  24.84
 -44.8036  -23.8276   -7.39  24.82
 -44.8059  -23.8278   -7.04  24.83
 -44.8069  -23.8288   -6.67  24.85
 -44.8089  -23.8287   -6.21  24.86
 -44.8106  -23.8290   -6.05  24.86
 -44.8117  -23.8300   -4.31  24.90
 -44.8127  -23.8320   -5.28  24.90
 -44.8121  -23.8338   -7.79  24.81
 -44.8108  -23.8362   -6.25  24.85
 -44.8102  -23.8389   -6.39  24.86
 -44.8105  -23.8408   -6.12  24.87
 -44.8102  -23.8431   -6.18  24.87
 -44.8104  -23.8452   -5.30  24.90
 -44.8109  -23.8458   -6.15  24.86
 -44.8103  -23.8463   -5.93  24.89
 -44.8101  -23.8477   -5.62  24.88
 -44.8101  -23.8484   -5.66  24.87
 -44.8103  -23.8483   -5.86  24.87
 -44.8107  -23.8476   -7.42  24.82
 -44.8110  -23.8476   -6.33  24.85
 -44.8118  -23.8480   -6.11  24.86
 -44.8130  -23.8485   -6.19  24.88
 -44.8137  -23.8482   -5.74  24.88
 -44.8125  -23.8476   -5.73  24.88
 -44.8116  -23.8467   -6.93  24.84
 -44.8115  -23.8452   -8.51  24.76
 -44.8111  -23.8429   -7.93  24.82
 -44.8095  -23.8417   -8.41  24.79
 -44.8076  -23.8401   -7.73  24.83
 -44.8062  -23.8393   -7.33  24.81
 -44.8056  -23.8384   -6.45  24.85
 -44.8043  -23.8371   -6.52  24.87
 -44.8020  -23.8359   -6.52  24.86
 -44.8008  -23.8356   -7.75  24.79
 -44.8014  -23.8365  -10.57  24.64
 -44.8025  -23.8390   -9.55  24.71
 -44.8034  -23.8429   -9.83  24.69
 -44.8043  -23.8467   -8.96  24.75
 -44.8059  -23.8494   -8.32  24.77
 -44.8081  -23.8525   -9.43  24.72
 -44.8099  -23.8554   -9.15  24.73
 -44.8116  -23.8577   -8.90  24.75
 -44.8126  -23.8606   -9.60  24.70
 -44.8141  -23.8631  -10.67  24.63
 -44.8154  -23.8655  -10.15  24.66
 -44.8161  -23.8662   -9.65  24.70
 -44.8166  -23.8666   -8.80  24.75
 -44.8183  -23.8665   -8.70  24.77
 -44.8190  -23.8664   -8.69  24.76
 -44.8204  -23.8668   -7.22  24.83
 -44.8219  -23.8668   -6.07  24.86
 -44.8235  -23.8669   -5.72  24.88
 -44.8249  -23.8677   -6.46  24.85
 -44.8262  -23.8691   -7.64  24.81
 -44.8272  -23.8713   -6.66  24.85
 -44.8277  -23.8722   -5.41  24.90
 -44.8278  -23.8746   -5.63  24.88
 -44.8277  -23.8768   -7.64  24.81
 -44.8263  -23.8784   -7.49  24.80
 -44.8250  -23.8805   -9.45  24.71
 -44.8232  -23.8826   -8.47  24.76
 -44.8208  -23.8850   -9.90  24.67
 -44.8183  -23.8881   -9.99  24.67
 -44.8152  -23.8908  -10.18  24.65
 -44.8128  -23.8929  -11.11  24.57
 -44.8105  -23.8945   -9.32  24.73
 -44.8083  -23.8972  -11.29  24.57
 -44.8061  -23.8984  -11.68  24.53
 -44.8048  -23.8991  -11.78  24.53
 -44.8038  -23.8997  -11.97  24.48
 -44.8029  -23.9002  -12.86  24.40
 -44.8015  -23.9009  -12.16  24.47
 -44.7996  -23.9021  -12.64  24.41
 -44.7976  -23.9023  -12.27  24.45
 -44.7963  -23.9026  -11.91  24.51
 -44.7946  -23.9026  -12.97  24.38
 -44.7939  -23.9035  -13.06  24.36
 -44.7934  -23.9040  -13.49  24.29
 -44.7844  -23.9083  -13.46  24.29
 -44.7748  -23.9129  -14.23  24.17
 -44.7653  -23.9180  -15.15  23.98
 -44.7563  -23.9231  -16.31  23.71
 -44.7477  -23.9280  -17.45  23.35
